     -> nel=    144 ; errexx0,1,2,3,4,5 2.84169870e-03 6.57307345e-04 1.85218769e-04 1.40008101e-05 1.40008201e-05 1.82333158e-04 1.54997544e-05 1.54971706e-05
     -> nel=    225 ; errexx0,1,2,3,4,5 2.44201154e-03 4.48601492e-04 1.26717336e-04 7.07226541e-06 7.07230294e-06 1.25544064e-04 7.81181215e-06 7.78003057e-06
     -> nel=    256 ; errexx0,1,2,3,4,5 2.33241886e-03 4.00252789e-04 1.13154932e-04 5.80797320e-06 5.80803573e-06 1.12250757e-04 6.41412092e-06 6.37149331e-06
     -> nel=    289 ; errexx0,1,2,3,4,5 2.23206395e-03 3.59160620e-04 1.01622025e-04 4.82788850e-06 4.82807102e-06 1.00914152e-04 5.29758535e-06 5.28124922e-06
     -> nel=    324 ; errexx0,1,2,3,4,5 2.13981955e-03 3.23974763e-04 9.17409754e-05 4.05652170e-06 4.05665872e-06 9.11789787e-05 4.43320343e-06 4.42474683e-06
     -> nel=    361 ; errexx0,1,2,3,4,5 2.05474328e-03 2.93637002e-04 8.32160103e-05 3.44134565e-06 3.44128688e-06 8.27642190e-05 3.77855466e-06 3.74288270e-06
     -> nel=    400 ; errexx0,1,2,3,4,5 1.97603759e-03 2.67310810e-04 7.58134221e-05 2.94434459e-06 2.94432429e-06 7.54461271e-05 3.20929338e-06 3.19353490e-06
     -> nel=    441 ; errexx0,1,2,3,4,5 1.90302089e-03 2.44329268e-04 6.93469346e-05 2.53850402e-06 2.53855509e-06 6.90452923e-05 2.75765022e-06 2.74615594e-06
     -> nel=    484 ; errexx0,1,2,3,4,5 1.83510616e-03 2.24156276e-04 6.36668265e-05 2.20418791e-06 2.20409811e-06 6.34168139e-05 2.40962339e-06 2.37824000e-06
     -> nel=    529 ; errexx0,1,2,3,4,5 1.77178444e-03 2.06357485e-04 5.86517890e-05 1.92609430e-06 1.92602955e-06 5.84428257e-05 1.17184406e-05 2.07296636e-06
     -> nel=    576 ; errexx0,1,2,3,4,5 1.71261200e-03 1.90578327e-04 5.42027833e-05 1.69282158e-06 1.69279166e-06 5.40267854e-05 1.82935188e-06 1.81759767e-06
     -> nel=    729 ; errexx0,1,2,3,4,5 1.55632888e-03 1.52684845e-04 4.35048473e-05 1.18449171e-06 1.18464784e-06 4.33953932e-05 3.43544458e-06 1.26373895e-06
     -> nel=   1024 ; errexx0,1,2,3,4,5 1.35025424e-03 1.10520113e-04 3.15721995e-05 7.12687489e-07 7.14358799e-07 3.15170047e-05 1.01038774e-06 7.48966066e-07
     -> nel=   1600 ; errexx0,1,2,3,4,5 1.11349565e-03 7.19490911e-05 2.06194364e-05 8.99379653e-07 1.94947962e-06 2.05969576e-05 1.56556283e-06 3.77573141e-07
     -> nel=   2304 ; errexx0,1,2,3,4,5 9.47007035e-04 5.05098850e-05 1.45098621e-05 5.03868616e-07 3.70963670e-07 1.44990645e-05 6.50083133e-07 2.16142334e-07
     -> nel=   3136 ; errexx0,1,2,3,4,5 8.23664031e-04 3.73888822e-05 1.07603487e-05 1.06340812e-06 4.17112697e-07 1.07545373e-05 2.30380490e-06 1.35028812e-07
     -> nel=   4096 ; errexx0,1,2,3,4,5 7.28666522e-04 2.87836337e-05 8.29583102e-06 1.82925999e-07 9.53427793e-08 8.29243194e-06 2.27827382e-06 8.99071079e-08
     -> nel=   5184 ; errexx0,1,2,3,4,5 6.53272164e-04 2.28382796e-05 6.59003829e-06 3.97530493e-07 1.83763709e-07 6.58791992e-06 3.72513382e-07 6.28408447e-08
     -> nel=   6400 ; errexx0,1,2,3,4,5 5.91991488e-04 1.85603268e-05 5.36082017e-06 4.83083197e-07 2.56630190e-06 5.35943224e-06 2.38401400e-07 4.56328556e-08
     -> nel=   8100 ; errexx0,1,2,3,4,5 5.29841146e-04 1.47129338e-05 4.25380524e-06 2.14670272e-07 1.73013962e-06 4.25293997e-06 5.01221538e-07 3.19238166e-08
