     -> nel=    144 ; erreyy0,1,2,3,4,5 2.84169870e-03 6.57307345e-04 1.85218769e-04 1.40008099e-05 1.40008201e-05 1.82333158e-04 1.55003956e-05 1.54971706e-05
     -> nel=    225 ; erreyy0,1,2,3,4,5 2.44201154e-03 4.48601492e-04 1.26717336e-04 7.07226979e-06 7.07230228e-06 1.25544064e-04 7.81022073e-06 7.78003057e-06
     -> nel=    256 ; erreyy0,1,2,3,4,5 2.33241886e-03 4.00252789e-04 1.13154932e-04 5.80797791e-06 5.80803801e-06 1.12250757e-04 6.40483353e-06 6.37149331e-06
     -> nel=    289 ; erreyy0,1,2,3,4,5 2.23206395e-03 3.59160620e-04 1.01622025e-04 4.82789393e-06 4.82807106e-06 1.00914152e-04 5.29684863e-06 5.28124922e-06
     -> nel=    324 ; erreyy0,1,2,3,4,5 2.13981955e-03 3.23974763e-04 9.17409754e-05 4.05651369e-06 4.05665094e-06 9.11789787e-05 4.43910747e-06 4.42474683e-06
     -> nel=    361 ; erreyy0,1,2,3,4,5 2.05474328e-03 2.93637002e-04 8.32160103e-05 3.44132693e-06 3.44128075e-06 8.27642190e-05 3.78133277e-06 3.74288270e-06
     -> nel=    400 ; erreyy0,1,2,3,4,5 1.97603759e-03 2.67310810e-04 7.58134221e-05 2.94435604e-06 2.94433150e-06 7.54461271e-05 3.20963454e-06 3.19353490e-06
     -> nel=    441 ; erreyy0,1,2,3,4,5 1.90302089e-03 2.44329268e-04 6.93469346e-05 2.53851356e-06 2.53855090e-06 6.90452923e-05 2.75852992e-06 2.74615595e-06
     -> nel=    484 ; erreyy0,1,2,3,4,5 1.83510616e-03 2.24156276e-04 6.36668265e-05 2.20418126e-06 2.20408919e-06 6.34168139e-05 2.40921453e-06 2.37824000e-06
     -> nel=    529 ; erreyy0,1,2,3,4,5 1.77178444e-03 2.06357485e-04 5.86517890e-05 1.92610046e-06 1.92603298e-06 5.84428257e-05 1.08842168e-05 2.07296636e-06
     -> nel=    576 ; erreyy0,1,2,3,4,5 1.71261200e-03 1.90578327e-04 5.42027833e-05 1.69284744e-06 1.69279584e-06 5.40267854e-05 1.83000497e-06 1.81759768e-06
     -> nel=    729 ; erreyy0,1,2,3,4,5 1.55632888e-03 1.52684845e-04 4.35048473e-05 1.18447294e-06 1.18465773e-06 4.33953932e-05 2.95316269e-06 1.26373895e-06
     -> nel=   1024 ; erreyy0,1,2,3,4,5 1.35025424e-03 1.10520113e-04 3.15721995e-05 7.12762346e-07 7.14345169e-07 3.15170047e-05 9.68469283e-07 7.48966065e-07
     -> nel=   1600 ; erreyy0,1,2,3,4,5 1.11349565e-03 7.19490911e-05 2.06194364e-05 8.99134252e-07 1.94926010e-06 2.05969576e-05 1.83775369e-06 3.77573142e-07
     -> nel=   2304 ; erreyy0,1,2,3,4,5 9.47007035e-04 5.05098850e-05 1.45098621e-05 5.04508256e-07 3.72016888e-07 1.44990645e-05 6.76714362e-07 2.16142333e-07
     -> nel=   3136 ; erreyy0,1,2,3,4,5 8.23664031e-04 3.73888822e-05 1.07603487e-05 1.06154407e-06 4.13894128e-07 1.07545373e-05 1.75301357e-06 1.35028811e-07
     -> nel=   4096 ; erreyy0,1,2,3,4,5 7.28666522e-04 2.87836337e-05 8.29583102e-06 1.83305039e-07 9.51254022e-08 8.29243194e-06 1.79257166e-06 8.99071084e-08
     -> nel=   5184 ; erreyy0,1,2,3,4,5 6.53272164e-04 2.28382796e-05 6.59003829e-06 3.98441004e-07 1.83310651e-07 6.58791992e-06 3.22965847e-07 6.28408487e-08
     -> nel=   6400 ; erreyy0,1,2,3,4,5 5.91991488e-04 1.85603268e-05 5.36082017e-06 4.83183737e-07 2.56629607e-06 5.35943224e-06 2.40945216e-07 4.56328549e-08
     -> nel=   8100 ; erreyy0,1,2,3,4,5 5.29841146e-04 1.47129338e-05 4.25380524e-06 2.11388603e-07 1.68129352e-06 4.25293997e-06 4.52590177e-07 3.19238176e-08
