0000 0001 0034 0033
0001 0002 0035 0034
0002 0003 0036 0035
0003 0004 0037 0036
0004 0005 0038 0037
0005 0006 0039 0038
0006 0007 0040 0039
0007 0008 0041 0040
0008 0009 0042 0041
0009 0010 0043 0042
0010 0011 0044 0043
0011 0012 0045 0044
0012 0013 0046 0045
0013 0014 0047 0046
0014 0015 0048 0047
0015 0016 0049 0048
0016 0017 0050 0049
0017 0018 0051 0050
0018 0019 0052 0051
0019 0020 0053 0052
0020 0021 0054 0053
0021 0022 0055 0054
0022 0023 0056 0055
0023 0024 0057 0056
0024 0025 0058 0057
0025 0026 0059 0058
0026 0027 0060 0059
0027 0028 0061 0060
0028 0029 0062 0061
0029 0030 0063 0062
0030 0031 0064 0063
0031 0032 0065 0064
0033 0034 0067 0066
0034 0035 0068 0067
0035 0036 0069 0068
0036 0037 0070 0069
0037 0038 0071 0070
0038 0039 0072 0071
0039 0040 0073 0072
0040 0041 0074 0073
0041 0042 0075 0074
0042 0043 0076 0075
0043 0044 0077 0076
0044 0045 0078 0077
0045 0046 0079 0078
0046 0047 0080 0079
0047 0048 0081 0080
0048 0049 0082 0081
0049 0050 0083 0082
0050 0051 0084 0083
0051 0052 0085 0084
0052 0053 0086 0085
0053 0054 0087 0086
0054 0055 0088 0087
0055 0056 0089 0088
0056 0057 0090 0089
0057 0058 0091 0090
0058 0059 0092 0091
0059 0060 0093 0092
0060 0061 0094 0093
0061 0062 0095 0094
0062 0063 0096 0095
0063 0064 0097 0096
0064 0065 0098 0097
0066 0067 0100 0099
0067 0068 0101 0100
0068 0069 0102 0101
0069 0070 0103 0102
0070 0071 0104 0103
0071 0072 0105 0104
0072 0073 0106 0105
0073 0074 0107 0106
0074 0075 0108 0107
0075 0076 0109 0108
0076 0077 0110 0109
0077 0078 0111 0110
0078 0079 0112 0111
0079 0080 0113 0112
0080 0081 0114 0113
0081 0082 0115 0114
0082 0083 0116 0115
0083 0084 0117 0116
0084 0085 0118 0117
0085 0086 0119 0118
0086 0087 0120 0119
0087 0088 0121 0120
0088 0089 0122 0121
0089 0090 0123 0122
0090 0091 0124 0123
0091 0092 0125 0124
0092 0093 0126 0125
0093 0094 0127 0126
0094 0095 0128 0127
0095 0096 0129 0128
0096 0097 0130 0129
0097 0098 0131 0130
0099 0100 0133 0132
0100 0101 0134 0133
0101 0102 0135 0134
0102 0103 0136 0135
0103 0104 0137 0136
0104 0105 0138 0137
0105 0106 0139 0138
0106 0107 0140 0139
0107 0108 0141 0140
0108 0109 0142 0141
0109 0110 0143 0142
0110 0111 0144 0143
0111 0112 0145 0144
0112 0113 0146 0145
0113 0114 0147 0146
0114 0115 0148 0147
0115 0116 0149 0148
0116 0117 0150 0149
0117 0118 0151 0150
0118 0119 0152 0151
0119 0120 0153 0152
0120 0121 0154 0153
0121 0122 0155 0154
0122 0123 0156 0155
0123 0124 0157 0156
0124 0125 0158 0157
0125 0126 0159 0158
0126 0127 0160 0159
0127 0128 0161 0160
0128 0129 0162 0161
0129 0130 0163 0162
0130 0131 0164 0163
0132 0133 0166 0165
0133 0134 0167 0166
0134 0135 0168 0167
0135 0136 0169 0168
0136 0137 0170 0169
0137 0138 0171 0170
0138 0139 0172 0171
0139 0140 0173 0172
0140 0141 0174 0173
0141 0142 0175 0174
0142 0143 0176 0175
0143 0144 0177 0176
0144 0145 0178 0177
0145 0146 0179 0178
0146 0147 0180 0179
0147 0148 0181 0180
0148 0149 0182 0181
0149 0150 0183 0182
0150 0151 0184 0183
0151 0152 0185 0184
0152 0153 0186 0185
0153 0154 0187 0186
0154 0155 0188 0187
0155 0156 0189 0188
0156 0157 0190 0189
0157 0158 0191 0190
0158 0159 0192 0191
0159 0160 0193 0192
0160 0161 0194 0193
0161 0162 0195 0194
0162 0163 0196 0195
0163 0164 0197 0196
0165 0166 0199 0198
0166 0167 0200 0199
0167 0168 0201 0200
0168 0169 0202 0201
0169 0170 0203 0202
0170 0171 0204 0203
0171 0172 0205 0204
0172 0173 0206 0205
0173 0174 0207 0206
0174 0175 0208 0207
0175 0176 0209 0208
0176 0177 0210 0209
0177 0178 0211 0210
0178 0179 0212 0211
0179 0180 0213 0212
0180 0181 0214 0213
0181 0182 0215 0214
0182 0183 0216 0215
0183 0184 0217 0216
0184 0185 0218 0217
0185 0186 0219 0218
0186 0187 0220 0219
0187 0188 0221 0220
0188 0189 0222 0221
0189 0190 0223 0222
0190 0191 0224 0223
0191 0192 0225 0224
0192 0193 0226 0225
0193 0194 0227 0226
0194 0195 0228 0227
0195 0196 0229 0228
0196 0197 0230 0229
0198 0199 0232 0231
0199 0200 0233 0232
0200 0201 0234 0233
0201 0202 0235 0234
0202 0203 0236 0235
0203 0204 0237 0236
0204 0205 0238 0237
0205 0206 0239 0238
0206 0207 0240 0239
0207 0208 0241 0240
0208 0209 0242 0241
0209 0210 0243 0242
0210 0211 0244 0243
0211 0212 0245 0244
0212 0213 0246 0245
0213 0214 0247 0246
0214 0215 0248 0247
0215 0216 0249 0248
0216 0217 0250 0249
0217 0218 0251 0250
0218 0219 0252 0251
0219 0220 0253 0252
0220 0221 0254 0253
0221 0222 0255 0254
0222 0223 0256 0255
0223 0224 0257 0256
0224 0225 0258 0257
0225 0226 0259 0258
0226 0227 0260 0259
0227 0228 0261 0260
0228 0229 0262 0261
0229 0230 0263 0262
0231 0232 0265 0264
0232 0233 0266 0265
0233 0234 0267 0266
0234 0235 0268 0267
0235 0236 0269 0268
0236 0237 0270 0269
0237 0238 0271 0270
0238 0239 0272 0271
0239 0240 0273 0272
0240 0241 0274 0273
0241 0242 0275 0274
0242 0243 0276 0275
0243 0244 0277 0276
0244 0245 0278 0277
0245 0246 0279 0278
0246 0247 0280 0279
0247 0248 0281 0280
0248 0249 0282 0281
0249 0250 0283 0282
0250 0251 0284 0283
0251 0252 0285 0284
0252 0253 0286 0285
0253 0254 0287 0286
0254 0255 0288 0287
0255 0256 0289 0288
0256 0257 0290 0289
0257 0258 0291 0290
0258 0259 0292 0291
0259 0260 0293 0292
0260 0261 0294 0293
0261 0262 0295 0294
0262 0263 0296 0295
0264 0265 0298 0297
0265 0266 0299 0298
0266 0267 0300 0299
0267 0268 0301 0300
0268 0269 0302 0301
0269 0270 0303 0302
0270 0271 0304 0303
0271 0272 0305 0304
0272 0273 0306 0305
0273 0274 0307 0306
0274 0275 0308 0307
0275 0276 0309 0308
0276 0277 0310 0309
0277 0278 0311 0310
0278 0279 0312 0311
0279 0280 0313 0312
0280 0281 0314 0313
0281 0282 0315 0314
0282 0283 0316 0315
0283 0284 0317 0316
0284 0285 0318 0317
0285 0286 0319 0318
0286 0287 0320 0319
0287 0288 0321 0320
0288 0289 0322 0321
0289 0290 0323 0322
0290 0291 0324 0323
0291 0292 0325 0324
0292 0293 0326 0325
0293 0294 0327 0326
0294 0295 0328 0327
0295 0296 0329 0328
0297 0298 0331 0330
0298 0299 0332 0331
0299 0300 0333 0332
0300 0301 0334 0333
0301 0302 0335 0334
0302 0303 0336 0335
0303 0304 0337 0336
0304 0305 0338 0337
0305 0306 0339 0338
0306 0307 0340 0339
0307 0308 0341 0340
0308 0309 0342 0341
0309 0310 0343 0342
0310 0311 0344 0343
0311 0312 0345 0344
0312 0313 0346 0345
0313 0314 0347 0346
0314 0315 0348 0347
0315 0316 0349 0348
0316 0317 0350 0349
0317 0318 0351 0350
0318 0319 0352 0351
0319 0320 0353 0352
0320 0321 0354 0353
0321 0322 0355 0354
0322 0323 0356 0355
0323 0324 0357 0356
0324 0325 0358 0357
0325 0326 0359 0358
0326 0327 0360 0359
0327 0328 0361 0360
0328 0329 0362 0361
0330 0331 0364 0363
0331 0332 0365 0364
0332 0333 0366 0365
0333 0334 0367 0366
0334 0335 0368 0367
0335 0336 0369 0368
0336 0337 0370 0369
0337 0338 0371 0370
0338 0339 0372 0371
0339 0340 0373 0372
0340 0341 0374 0373
0341 0342 0375 0374
0342 0343 0376 0375
0343 0344 0377 0376
0344 0345 0378 0377
0345 0346 0379 0378
0346 0347 0380 0379
0347 0348 0381 0380
0348 0349 0382 0381
0349 0350 0383 0382
0350 0351 0384 0383
0351 0352 0385 0384
0352 0353 0386 0385
0353 0354 0387 0386
0354 0355 0388 0387
0355 0356 0389 0388
0356 0357 0390 0389
0357 0358 0391 0390
0358 0359 0392 0391
0359 0360 0393 0392
0360 0361 0394 0393
0361 0362 0395 0394
0363 0364 0397 0396
0364 0365 0398 0397
0365 0366 0399 0398
0366 0367 0400 0399
0367 0368 0401 0400
0368 0369 0402 0401
0369 0370 0403 0402
0370 0371 0404 0403
0371 0372 0405 0404
0372 0373 0406 0405
0373 0374 0407 0406
0374 0375 0408 0407
0375 0376 0409 0408
0376 0377 0410 0409
0377 0378 0411 0410
0378 0379 0412 0411
0379 0380 0413 0412
0380 0381 0414 0413
0381 0382 0415 0414
0382 0383 0416 0415
0383 0384 0417 0416
0384 0385 0418 0417
0385 0386 0419 0418
0386 0387 0420 0419
0387 0388 0421 0420
0388 0389 0422 0421
0389 0390 0423 0422
0390 0391 0424 0423
0391 0392 0425 0424
0392 0393 0426 0425
0393 0394 0427 0426
0394 0395 0428 0427
0396 0397 0430 0429
0397 0398 0431 0430
0398 0399 0432 0431
0399 0400 0433 0432
0400 0401 0434 0433
0401 0402 0435 0434
0402 0403 0436 0435
0403 0404 0437 0436
0404 0405 0438 0437
0405 0406 0439 0438
0406 0407 0440 0439
0407 0408 0441 0440
0408 0409 0442 0441
0409 0410 0443 0442
0410 0411 0444 0443
0411 0412 0445 0444
0412 0413 0446 0445
0413 0414 0447 0446
0414 0415 0448 0447
0415 0416 0449 0448
0416 0417 0450 0449
0417 0418 0451 0450
0418 0419 0452 0451
0419 0420 0453 0452
0420 0421 0454 0453
0421 0422 0455 0454
0422 0423 0456 0455
0423 0424 0457 0456
0424 0425 0458 0457
0425 0426 0459 0458
0426 0427 0460 0459
0427 0428 0461 0460
0429 0430 0463 0462
0430 0431 0464 0463
0431 0432 0465 0464
0432 0433 0466 0465
0433 0434 0467 0466
0434 0435 0468 0467
0435 0436 0469 0468
0436 0437 0470 0469
0437 0438 0471 0470
0438 0439 0472 0471
0439 0440 0473 0472
0440 0441 0474 0473
0441 0442 0475 0474
0442 0443 0476 0475
0443 0444 0477 0476
0444 0445 0478 0477
0445 0446 0479 0478
0446 0447 0480 0479
0447 0448 0481 0480
0448 0449 0482 0481
0449 0450 0483 0482
0450 0451 0484 0483
0451 0452 0485 0484
0452 0453 0486 0485
0453 0454 0487 0486
0454 0455 0488 0487
0455 0456 0489 0488
0456 0457 0490 0489
0457 0458 0491 0490
0458 0459 0492 0491
0459 0460 0493 0492
0460 0461 0494 0493
0462 0463 0496 0495
0463 0464 0497 0496
0464 0465 0498 0497
0465 0466 0499 0498
0466 0467 0500 0499
0467 0468 0501 0500
0468 0469 0502 0501
0469 0470 0503 0502
0470 0471 0504 0503
0471 0472 0505 0504
0472 0473 0506 0505
0473 0474 0507 0506
0474 0475 0508 0507
0475 0476 0509 0508
0476 0477 0510 0509
0477 0478 0511 0510
0478 0479 0512 0511
0479 0480 0513 0512
0480 0481 0514 0513
0481 0482 0515 0514
0482 0483 0516 0515
0483 0484 0517 0516
0484 0485 0518 0517
0485 0486 0519 0518
0486 0487 0520 0519
0487 0488 0521 0520
0488 0489 0522 0521
0489 0490 0523 0522
0490 0491 0524 0523
0491 0492 0525 0524
0492 0493 0526 0525
0493 0494 0527 0526
0495 0496 0529 0528
0496 0497 0530 0529
0497 0498 0531 0530
0498 0499 0532 0531
0499 0500 0533 0532
0500 0501 0534 0533
0501 0502 0535 0534
0502 0503 0536 0535
0503 0504 0537 0536
0504 0505 0538 0537
0505 0506 0539 0538
0506 0507 0540 0539
0507 0508 0541 0540
0508 0509 0542 0541
0509 0510 0543 0542
0510 0511 0544 0543
0511 0512 0545 0544
0512 0513 0546 0545
0513 0514 0547 0546
0514 0515 0548 0547
0515 0516 0549 0548
0516 0517 0550 0549
0517 0518 0551 0550
0518 0519 0552 0551
0519 0520 0553 0552
0520 0521 0554 0553
0521 0522 0555 0554
0522 0523 0556 0555
0523 0524 0557 0556
0524 0525 0558 0557
0525 0526 0559 0558
0526 0527 0560 0559
0528 0529 0562 0561
0529 0530 0563 0562
0530 0531 0564 0563
0531 0532 0565 0564
0532 0533 0566 0565
0533 0534 0567 0566
0534 0535 0568 0567
0535 0536 0569 0568
0536 0537 0570 0569
0537 0538 0571 0570
0538 0539 0572 0571
0539 0540 0573 0572
0540 0541 0574 0573
0541 0542 0575 0574
0542 0543 0576 0575
0543 0544 0577 0576
0544 0545 0578 0577
0545 0546 0579 0578
0546 0547 0580 0579
0547 0548 0581 0580
0548 0549 0582 0581
0549 0550 0583 0582
0550 0551 0584 0583
0551 0552 0585 0584
0552 0553 0586 0585
0553 0554 0587 0586
0554 0555 0588 0587
0555 0556 0589 0588
0556 0557 0590 0589
0557 0558 0591 0590
0558 0559 0592 0591
0559 0560 0593 0592
0561 0562 0595 0594
0562 0563 0596 0595
0563 0564 0597 0596
0564 0565 0598 0597
0565 0566 0599 0598
0566 0567 0600 0599
0567 0568 0601 0600
0568 0569 0602 0601
0569 0570 0603 0602
0570 0571 0604 0603
0571 0572 0605 0604
0572 0573 0606 0605
0573 0574 0607 0606
0574 0575 0608 0607
0575 0576 0609 0608
0576 0577 0610 0609
0577 0578 0611 0610
0578 0579 0612 0611
0579 0580 0613 0612
0580 0581 0614 0613
0581 0582 0615 0614
0582 0583 0616 0615
0583 0584 0617 0616
0584 0585 0618 0617
0585 0586 0619 0618
0586 0587 0620 0619
0587 0588 0621 0620
0588 0589 0622 0621
0589 0590 0623 0622
0590 0591 0624 0623
0591 0592 0625 0624
0592 0593 0626 0625
0594 0595 0628 0627
0595 0596 0629 0628
0596 0597 0630 0629
0597 0598 0631 0630
0598 0599 0632 0631
0599 0600 0633 0632
0600 0601 0634 0633
0601 0602 0635 0634
0602 0603 0636 0635
0603 0604 0637 0636
0604 0605 0638 0637
0605 0606 0639 0638
0606 0607 0640 0639
0607 0608 0641 0640
0608 0609 0642 0641
0609 0610 0643 0642
0610 0611 0644 0643
0611 0612 0645 0644
0612 0613 0646 0645
0613 0614 0647 0646
0614 0615 0648 0647
0615 0616 0649 0648
0616 0617 0650 0649
0617 0618 0651 0650
0618 0619 0652 0651
0619 0620 0653 0652
0620 0621 0654 0653
0621 0622 0655 0654
0622 0623 0656 0655
0623 0624 0657 0656
0624 0625 0658 0657
0625 0626 0659 0658
0627 0628 0661 0660
0628 0629 0662 0661
0629 0630 0663 0662
0630 0631 0664 0663
0631 0632 0665 0664
0632 0633 0666 0665
0633 0634 0667 0666
0634 0635 0668 0667
0635 0636 0669 0668
0636 0637 0670 0669
0637 0638 0671 0670
0638 0639 0672 0671
0639 0640 0673 0672
0640 0641 0674 0673
0641 0642 0675 0674
0642 0643 0676 0675
0643 0644 0677 0676
0644 0645 0678 0677
0645 0646 0679 0678
0646 0647 0680 0679
0647 0648 0681 0680
0648 0649 0682 0681
0649 0650 0683 0682
0650 0651 0684 0683
0651 0652 0685 0684
0652 0653 0686 0685
0653 0654 0687 0686
0654 0655 0688 0687
0655 0656 0689 0688
0656 0657 0690 0689
0657 0658 0691 0690
0658 0659 0692 0691
0660 0661 0694 0693
0661 0662 0695 0694
0662 0663 0696 0695
0663 0664 0697 0696
0664 0665 0698 0697
0665 0666 0699 0698
0666 0667 0700 0699
0667 0668 0701 0700
0668 0669 0702 0701
0669 0670 0703 0702
0670 0671 0704 0703
0671 0672 0705 0704
0672 0673 0706 0705
0673 0674 0707 0706
0674 0675 0708 0707
0675 0676 0709 0708
0676 0677 0710 0709
0677 0678 0711 0710
0678 0679 0712 0711
0679 0680 0713 0712
0680 0681 0714 0713
0681 0682 0715 0714
0682 0683 0716 0715
0683 0684 0717 0716
0684 0685 0718 0717
0685 0686 0719 0718
0686 0687 0720 0719
0687 0688 0721 0720
0688 0689 0722 0721
0689 0690 0723 0722
0690 0691 0724 0723
0691 0692 0725 0724
0693 0694 0727 0726
0694 0695 0728 0727
0695 0696 0729 0728
0696 0697 0730 0729
0697 0698 0731 0730
0698 0699 0732 0731
0699 0700 0733 0732
0700 0701 0734 0733
0701 0702 0735 0734
0702 0703 0736 0735
0703 0704 0737 0736
0704 0705 0738 0737
0705 0706 0739 0738
0706 0707 0740 0739
0707 0708 0741 0740
0708 0709 0742 0741
0709 0710 0743 0742
0710 0711 0744 0743
0711 0712 0745 0744
0712 0713 0746 0745
0713 0714 0747 0746
0714 0715 0748 0747
0715 0716 0749 0748
0716 0717 0750 0749
0717 0718 0751 0750
0718 0719 0752 0751
0719 0720 0753 0752
0720 0721 0754 0753
0721 0722 0755 0754
0722 0723 0756 0755
0723 0724 0757 0756
0724 0725 0758 0757
0726 0727 0760 0759
0727 0728 0761 0760
0728 0729 0762 0761
0729 0730 0763 0762
0730 0731 0764 0763
0731 0732 0765 0764
0732 0733 0766 0765
0733 0734 0767 0766
0734 0735 0768 0767
0735 0736 0769 0768
0736 0737 0770 0769
0737 0738 0771 0770
0738 0739 0772 0771
0739 0740 0773 0772
0740 0741 0774 0773
0741 0742 0775 0774
0742 0743 0776 0775
0743 0744 0777 0776
0744 0745 0778 0777
0745 0746 0779 0778
0746 0747 0780 0779
0747 0748 0781 0780
0748 0749 0782 0781
0749 0750 0783 0782
0750 0751 0784 0783
0751 0752 0785 0784
0752 0753 0786 0785
0753 0754 0787 0786
0754 0755 0788 0787
0755 0756 0789 0788
0756 0757 0790 0789
0757 0758 0791 0790
0759 0760 0793 0792
0760 0761 0794 0793
0761 0762 0795 0794
0762 0763 0796 0795
0763 0764 0797 0796
0764 0765 0798 0797
0765 0766 0799 0798
0766 0767 0800 0799
0767 0768 0801 0800
0768 0769 0802 0801
0769 0770 0803 0802
0770 0771 0804 0803
0771 0772 0805 0804
0772 0773 0806 0805
0773 0774 0807 0806
0774 0775 0808 0807
0775 0776 0809 0808
0776 0777 0810 0809
0777 0778 0811 0810
0778 0779 0812 0811
0779 0780 0813 0812
0780 0781 0814 0813
0781 0782 0815 0814
0782 0783 0816 0815
0783 0784 0817 0816
0784 0785 0818 0817
0785 0786 0819 0818
0786 0787 0820 0819
0787 0788 0821 0820
0788 0789 0822 0821
0789 0790 0823 0822
0790 0791 0824 0823
0792 0793 0826 0825
0793 0794 0827 0826
0794 0795 0828 0827
0795 0796 0829 0828
0796 0797 0830 0829
0797 0798 0831 0830
0798 0799 0832 0831
0799 0800 0833 0832
0800 0801 0834 0833
0801 0802 0835 0834
0802 0803 0836 0835
0803 0804 0837 0836
0804 0805 0838 0837
0805 0806 0839 0838
0806 0807 0840 0839
0807 0808 0841 0840
0808 0809 0842 0841
0809 0810 0843 0842
0810 0811 0844 0843
0811 0812 0845 0844
0812 0813 0846 0845
0813 0814 0847 0846
0814 0815 0848 0847
0815 0816 0849 0848
0816 0817 0850 0849
0817 0818 0851 0850
0818 0819 0852 0851
0819 0820 0853 0852
0820 0821 0854 0853
0821 0822 0855 0854
0822 0823 0856 0855
0823 0824 0857 0856
0825 0826 0859 0858
0826 0827 0860 0859
0827 0828 0861 0860
0828 0829 0862 0861
0829 0830 0863 0862
0830 0831 0864 0863
0831 0832 0865 0864
0832 0833 0866 0865
0833 0834 0867 0866
0834 0835 0868 0867
0835 0836 0869 0868
0836 0837 0870 0869
0837 0838 0871 0870
0838 0839 0872 0871
0839 0840 0873 0872
0840 0841 0874 0873
0841 0842 0875 0874
0842 0843 0876 0875
0843 0844 0877 0876
0844 0845 0878 0877
0845 0846 0879 0878
0846 0847 0880 0879
0847 0848 0881 0880
0848 0849 0882 0881
0849 0850 0883 0882
0850 0851 0884 0883
0851 0852 0885 0884
0852 0853 0886 0885
0853 0854 0887 0886
0854 0855 0888 0887
0855 0856 0889 0888
0856 0857 0890 0889
0858 0859 0892 0891
0859 0860 0893 0892
0860 0861 0894 0893
0861 0862 0895 0894
0862 0863 0896 0895
0863 0864 0897 0896
0864 0865 0898 0897
0865 0866 0899 0898
0866 0867 0900 0899
0867 0868 0901 0900
0868 0869 0902 0901
0869 0870 0903 0902
0870 0871 0904 0903
0871 0872 0905 0904
0872 0873 0906 0905
0873 0874 0907 0906
0874 0875 0908 0907
0875 0876 0909 0908
0876 0877 0910 0909
0877 0878 0911 0910
0878 0879 0912 0911
0879 0880 0913 0912
0880 0881 0914 0913
0881 0882 0915 0914
0882 0883 0916 0915
0883 0884 0917 0916
0884 0885 0918 0917
0885 0886 0919 0918
0886 0887 0920 0919
0887 0888 0921 0920
0888 0889 0922 0921
0889 0890 0923 0922
0891 0892 0925 0924
0892 0893 0926 0925
0893 0894 0927 0926
0894 0895 0928 0927
0895 0896 0929 0928
0896 0897 0930 0929
0897 0898 0931 0930
0898 0899 0932 0931
0899 0900 0933 0932
0900 0901 0934 0933
0901 0902 0935 0934
0902 0903 0936 0935
0903 0904 0937 0936
0904 0905 0938 0937
0905 0906 0939 0938
0906 0907 0940 0939
0907 0908 0941 0940
0908 0909 0942 0941
0909 0910 0943 0942
0910 0911 0944 0943
0911 0912 0945 0944
0912 0913 0946 0945
0913 0914 0947 0946
0914 0915 0948 0947
0915 0916 0949 0948
0916 0917 0950 0949
0917 0918 0951 0950
0918 0919 0952 0951
0919 0920 0953 0952
0920 0921 0954 0953
0921 0922 0955 0954
0922 0923 0956 0955
0924 0925 0958 0957
0925 0926 0959 0958
0926 0927 0960 0959
0927 0928 0961 0960
0928 0929 0962 0961
0929 0930 0963 0962
0930 0931 0964 0963
0931 0932 0965 0964
0932 0933 0966 0965
0933 0934 0967 0966
0934 0935 0968 0967
0935 0936 0969 0968
0936 0937 0970 0969
0937 0938 0971 0970
0938 0939 0972 0971
0939 0940 0973 0972
0940 0941 0974 0973
0941 0942 0975 0974
0942 0943 0976 0975
0943 0944 0977 0976
0944 0945 0978 0977
0945 0946 0979 0978
0946 0947 0980 0979
0947 0948 0981 0980
0948 0949 0982 0981
0949 0950 0983 0982
0950 0951 0984 0983
0951 0952 0985 0984
0952 0953 0986 0985
0953 0954 0987 0986
0954 0955 0988 0987
0955 0956 0989 0988
0957 0958 0991 0990
0958 0959 0992 0991
0959 0960 0993 0992
0960 0961 0994 0993
0961 0962 0995 0994
0962 0963 0996 0995
0963 0964 0997 0996
0964 0965 0998 0997
0965 0966 0999 0998
0966 0967 1000 0999
0967 0968 1001 1000
0968 0969 1002 1001
0969 0970 1003 1002
0970 0971 1004 1003
0971 0972 1005 1004
0972 0973 1006 1005
0973 0974 1007 1006
0974 0975 1008 1007
0975 0976 1009 1008
0976 0977 1010 1009
0977 0978 1011 1010
0978 0979 1012 1011
0979 0980 1013 1012
0980 0981 1014 1013
0981 0982 1015 1014
0982 0983 1016 1015
0983 0984 1017 1016
0984 0985 1018 1017
0985 0986 1019 1018
0986 0987 1020 1019
0987 0988 1021 1020
0988 0989 1022 1021
0990 0991 1024 1023
0991 0992 1025 1024
0992 0993 1026 1025
0993 0994 1027 1026
0994 0995 1028 1027
0995 0996 1029 1028
0996 0997 1030 1029
0997 0998 1031 1030
0998 0999 1032 1031
0999 1000 1033 1032
1000 1001 1034 1033
1001 1002 1035 1034
1002 1003 1036 1035
1003 1004 1037 1036
1004 1005 1038 1037
1005 1006 1039 1038
1006 1007 1040 1039
1007 1008 1041 1040
1008 1009 1042 1041
1009 1010 1043 1042
1010 1011 1044 1043
1011 1012 1045 1044
1012 1013 1046 1045
1013 1014 1047 1046
1014 1015 1048 1047
1015 1016 1049 1048
1016 1017 1050 1049
1017 1018 1051 1050
1018 1019 1052 1051
1019 1020 1053 1052
1020 1021 1054 1053
1021 1022 1055 1054
1023 1024 1057 1056
1024 1025 1058 1057
1025 1026 1059 1058
1026 1027 1060 1059
1027 1028 1061 1060
1028 1029 1062 1061
1029 1030 1063 1062
1030 1031 1064 1063
1031 1032 1065 1064
1032 1033 1066 1065
1033 1034 1067 1066
1034 1035 1068 1067
1035 1036 1069 1068
1036 1037 1070 1069
1037 1038 1071 1070
1038 1039 1072 1071
1039 1040 1073 1072
1040 1041 1074 1073
1041 1042 1075 1074
1042 1043 1076 1075
1043 1044 1077 1076
1044 1045 1078 1077
1045 1046 1079 1078
1046 1047 1080 1079
1047 1048 1081 1080
1048 1049 1082 1081
1049 1050 1083 1082
1050 1051 1084 1083
1051 1052 1085 1084
1052 1053 1086 1085
1053 1054 1087 1086
1054 1055 1088 1087
