-0.000000000000000000e+00
8.657715322139367012e-06
-0.000000000000000000e+00
5.032561603002247484e-05
-0.000000000000000000e+00
9.239187541728209813e-05
-0.000000000000000000e+00
1.250606243653843710e-04
-0.000000000000000000e+00
1.490031136199833047e-04
-0.000000000000000000e+00
1.648905939267327207e-04
-0.000000000000000000e+00
1.733943160312870777e-04
-0.000000000000000000e+00
1.751855306793005630e-04
-0.000000000000000000e+00
1.709354886164269303e-04
-0.000000000000000000e+00
1.613154405883204215e-04
-0.000000000000000000e+00
1.469966373406351697e-04
-0.000000000000000000e+00
1.286503296190252268e-04
-0.000000000000000000e+00
1.069477681691447261e-04
-0.000000000000000000e+00
8.256020373664813971e-05
-0.000000000000000000e+00
5.615888706718889605e-05
-0.000000000000000000e+00
2.841506890642152142e-05
-0.000000000000000000e+00
8.893845946170153560e-20
-0.000000000000000000e+00
-2.841506890642146044e-05
-0.000000000000000000e+00
-5.615888706718878763e-05
-0.000000000000000000e+00
-8.256020373664799063e-05
-0.000000000000000000e+00
-1.069477681691445906e-04
-0.000000000000000000e+00
-1.286503296190250371e-04
-0.000000000000000000e+00
-1.469966373406349528e-04
-0.000000000000000000e+00
-1.613154405883199336e-04
-0.000000000000000000e+00
-1.709354886164267135e-04
-0.000000000000000000e+00
-1.751855306793001022e-04
-0.000000000000000000e+00
-1.733943160312869693e-04
-0.000000000000000000e+00
-1.648905939267327478e-04
-0.000000000000000000e+00
-1.490031136199831963e-04
-0.000000000000000000e+00
-1.250606243653840186e-04
-0.000000000000000000e+00
-9.239187541728207103e-05
-0.000000000000000000e+00
-5.032561603002230543e-05
0.000000000000000000e+00
-8.657715322138997705e-06
-0.000000000000000000e+00
9.876129398536351745e-06
8.376900223083791949e-04
7.783732144162057475e-05
8.225353085435921493e-04
1.519582001492379741e-04
8.200582233257586303e-04
2.096701064147054065e-04
8.268640958704053271e-04
2.521451096981763840e-04
8.398097124882038071e-04
2.805552794598041339e-04
8.560033165849739853e-04
2.960726851597426696e-04
8.728046086616810884e-04
2.998693962581456250e-04
8.878247463144359804e-04
2.931174822151661461e-04
8.989263442344960298e-04
2.769890124909579754e-04
9.042234742082653261e-04
2.526560565456748009e-04
9.020816651172930542e-04
2.212906838394701481e-04
8.911179029382758788e-04
1.840649638324974883e-04
8.702006307430564273e-04
1.421509659849107808e-04
8.384497486986217715e-04
9.672075975686315788e-05
7.952366140671072222e-04
4.894641460850847721e-05
7.401840412057935107e-04
9.232659125071873696e-20
6.731663015671076559e-04
-4.894641460850819261e-05
5.943091236986223136e-04
-9.672075975686294104e-05
5.039896932430566441e-04
-1.421509659849106181e-04
4.028366529382760956e-04
-1.840649638324972715e-04
2.917301026172936505e-04
-2.212906838394701481e-04
1.718015992082660038e-04
-2.526560565456750177e-04
4.443415673449630085e-05
-2.769890124909577585e-04
-8.873775368556374851e-05
-2.931174822151664714e-04
-2.258282038383185863e-04
-2.998693962581454623e-04
-3.646998084150259605e-04
-2.960726851597427780e-04
-5.029637250117961929e-04
-2.805552794598045675e-04
-6.379796541295949981e-04
-2.521451096981764924e-04
-7.668558391742415865e-04
-2.096701064147056233e-04
-8.864490664564085012e-04
-1.519582001492383806e-04
-9.933646651916210220e-04
-7.783732144162081870e-05
0.000000000000000000e+00
-9.876129398536082388e-06
-0.000000000000000000e+00
-7.701808095185283304e-06
7.635691436007610230e-04
3.195687895640728147e-05
7.618038216605774919e-04
9.268836583942166780e-05
7.707366021350017457e-04
1.404139329679309238e-04
7.871991256251922517e-04
1.760625746101139350e-04
8.082577260211100357e-04
2.005632850341497225e-04
8.312134305015197663e-04
2.148450585082171721e-04
8.536019595339885621e-04
2.198368893004952235e-04
8.731937268748870759e-04
2.164677716791628436e-04
8.879938395693888443e-04
2.056666999123989180e-04
8.962420979514708298e-04
1.883626682683824951e-04
8.964129956439128785e-04
1.654846710152923790e-04
8.872157195582976120e-04
1.379617024213075638e-04
8.675941498950114029e-04
1.067227567546070164e-04
8.367268601432433991e-04
7.269682828336966314e-05
7.940271170809855240e-04
3.681291127577444378e-05
7.391428807750336687e-04
2.892617514873435658e-19
6.719568045809860661e-04
-3.681291127577391523e-05
5.925862351432442665e-04
-7.269682828336910749e-05
5.013832123950121619e-04
-1.067227567546064201e-04
3.989344695582979915e-04
-1.379617024213069404e-04
2.860614331439133122e-04
-1.654846710152920537e-04
1.638202229514718056e-04
-1.883626682683821698e-04
3.350165206938985398e-05
-2.056666999123982404e-04
-1.033687731251114875e-04
-2.164677716791624912e-04
-2.450308529660099200e-04
-2.198368893004948711e-04
-3.894896944984789868e-04
-2.148450585082167926e-04
-5.345157114788888801e-04
-2.005632850341495057e-04
-6.776446243748069894e-04
-1.760625746101134471e-04
-8.161774603649982543e-04
-1.404139329679304901e-04
-9.471805533394218575e-04
-9.268836583942135609e-05
-1.067485543899237676e-03
-3.195687895640652253e-05
0.000000000000000000e+00
7.701808095185650916e-06
-0.000000000000000000e+00
-3.234041246792508195e-05
7.058572373352940514e-04
-2.660119207575917922e-05
7.140782545320682089e-04
2.272042911499734627e-05
7.312525412999089196e-04
6.220448995009059253e-05
7.544380496256051279e-04
9.255367331206793132e-05
7.809106609784060172e-04
1.144706620834766734e-04
8.081641863100224189e-04
1.286581391468643058e-04
8.339103660546241022e-04
1.358187873847782070e-04
8.560788701288399912e-04
1.366552896797656200e-04
8.728172979317602243e-04
1.318703289143740589e-04
8.824911783449349619e-04
1.221665879711508209e-04
8.836839697323734108e-04
1.082467497326432574e-04
8.751970599405461005e-04
9.081349708139892327e-05
8.560497662983832575e-04
7.056951289996504784e-05
8.254793356172736123e-04
4.821748007088891481e-05
7.829409441910681940e-04
2.446008147671819411e-05
7.281076977960764278e-04
1.058791184067875424e-19
6.608706316910684109e-04
-2.446008147671816362e-05
5.813387106172742628e-04
-4.821748007088896224e-05
4.898388287983833659e-04
-7.056951289996502073e-05
3.869158099405463173e-04
-9.081349708139888261e-05
2.733324072323734650e-04
-1.082467497326434472e-04
1.500693033449351788e-04
-1.221665879711509835e-04
1.832511043176021073e-05
-1.318703289143740860e-04
-1.204836298711599275e-04
-1.366552896797659181e-04
-2.647224464453749220e-04
-1.358187873847784780e-04
-4.125389386899766596e-04
-1.286581391468644955e-04
-5.618627765215936576e-04
-1.144706620834771613e-04
-7.104057003743947636e-04
-9.255367331206820238e-05
-8.556615212000910804e-04
-6.220448995009076872e-05
-9.949061204679323332e-04
-2.272042911499756989e-05
-1.125197450164704648e-03
2.660119207575870488e-05
0.000000000000000000e+00
3.234041246792489899e-05
-0.000000000000000000e+00
-6.226691119890249439e-05
6.633822340518237244e-04
-9.444222087040544911e-05
6.784296128898853603e-04
-5.477725062519305806e-05
7.009033579379317976e-04
-2.201617462560530073e-05
7.280877325683836505e-04
4.334142431616834811e-06
7.574681658297773923e-04
2.476683584973219106e-05
7.867312524467703428e-04
3.977504093199974437e-05
8.137647528201345966e-04
4.985189298167835587e-05
8.366575930267576740e-04
5.549052730202686385e-05
8.536998648196463153e-04
5.718407919630419807e-05
8.633828256279234455e-04
5.542568396776929504e-05
8.643988985568281736e-04
5.070847691968094224e-05
8.556416723877187207e-04
4.352559335529819815e-05
8.362059015780691669e-04
3.437016857787985702e-05
8.053875062614681505e-04
2.373533789068478422e-05
7.626835722476248310e-04
1.211423659697196710e-05
7.077923510223630343e-04
2.051937314723542571e-19
6.406132597476250478e-04
-1.211423659697161473e-05
5.612468812614688010e-04
-2.373533789068442169e-05
4.699949640780688416e-04
-3.437016857787949788e-05
3.673604223877190459e-04
-4.352559335529767638e-05
2.540473360568280652e-04
-5.070847691968059665e-05
1.309609506279230118e-04
-5.542568396776890202e-05
-7.923226803542064386e-07
-5.718407919630379149e-05
-1.399049069732430579e-04
-5.549052730202653182e-05
-2.848680596798659455e-04
-4.985189298167789509e-05
-4.339718725532293862e-04
-3.977504093199934457e-05
-5.853052716702234750e-04
-2.476683584973190307e-05
-7.367560174316177589e-04
-4.334142431616495151e-06
-8.860107045620689613e-04
2.201617462560569036e-05
-1.030554762110116266e-03
5.477725062519355951e-05
-1.167672453448177902e-03
9.444222087040578793e-05
0.000000000000000000e+00
6.226691119890268413e-05
-0.000000000000000000e+00
-9.583984825035758389e-05
6.349720642901954867e-04
-1.684229937382041595e-04
6.539289024658495727e-04
-1.368710072711109031e-04
6.789863691665227845e-04
-1.095239422284065593e-04
7.076550391502677310e-04
-8.608144707977766338e-05
7.376298890449101272e-04
-6.624317029491061512e-05
7.667902973480518296e-04
-4.970876034349197689e-05
7.932000444270668246e-04
-3.617786569520827042e-05
8.151073125191030718e-04
-2.535013481974599713e-05
8.309446857310829378e-04
-1.692521618679166518e-05
8.393291500397024370e-04
-1.060275826603172854e-05
8.390620932914310149e-04
-6.082409527152792812e-06
8.291293052025133911e-04
-3.063818439841317881e-06
8.087009773589668490e-04
-1.246633473783773812e-06
7.771317032165822114e-04
-3.305030986667064782e-07
7.339604781009255756e-04
-1.507578417664163331e-08
6.789106992073357105e-04
-9.481475053327824420e-20
6.118901656009259008e-04
1.507578417649361430e-08
5.329910782165826451e-04
3.305030986665468125e-07
4.424900398589669574e-04
1.246633473783648451e-06
3.408480552025133911e-04
3.063818439841175579e-06
2.287105307914314215e-04
6.082409527152607312e-06
1.069072750397027894e-04
1.060275826603157269e-05
-2.354750176891669624e-05
1.692521618679135347e-05
-1.614551874808965216e-04
2.535013481974580062e-05
-3.054327680729325249e-04
3.617786569520808746e-05
-4.539128276519476283e-04
4.970876034349182103e-05
-6.051435484550898728e-04
6.624317029491043893e-05
-7.571887108497323774e-04
8.608144707977746009e-05
-9.079276933334774324e-04
1.095239422284063967e-04
-1.055055472534151837e-03
1.368710072711108218e-04
-1.196082623209806031e-03
1.684229937382039969e-04
0.000000000000000000e+00
9.583984825035728574e-05
-0.000000000000000000e+00
-1.315490840675515960e-04
6.194546585902567341e-04
-2.456517540849744189e-04
6.396471289917820147e-04
-2.208618680015204169e-04
6.647988921031351521e-04
-1.978126238100229610e-04
6.926468340680000998e-04
-1.763796899467706680e-04
7.210954790934914890e-04
-1.564387348480522090e-04
7.482169894501562550e-04
-1.378654269501566345e-04
7.722511654719708182e-04
-1.205354346893728050e-04
7.916054455563423849e-04
-1.043244265019893917e-04
8.048549061641093816e-04
-8.910807082429533657e-05
8.107422618195412375e-04
-7.476203609257941899e-05
8.081778651103371921e-04
-6.116199074313048614e-05
7.962397066876286808e-04
-4.818360321223739875e-05
7.741734152659772742e-04
-3.570254193618901755e-05
7.413922576233742453e-04
-2.359447535127409822e-05
6.974771386012432791e-04
-1.173507189378150997e-05
6.421766011044380881e-04
-1.031262613282110663e-19
5.754068261012437128e-04
1.173507189378133378e-05
4.972516326233746790e-04
2.359447535127391188e-05
4.079624777659773284e-04
3.570254193618884814e-05
3.079584566876287892e-04
4.818360321223718191e-05
1.978263026103374903e-04
6.116199074313037772e-05
7.832038681954144076e-05
7.476203609257929701e-05
-4.963728133589024569e-05
8.910807082429501131e-05
-1.849570544436574524e-04
1.043244265019892698e-04
-3.263816470280286397e-04
1.205354346893726153e-04
-4.724861355498433113e-04
1.378654269501564990e-04
-6.216779584065086194e-04
1.564387348480521548e-04
-7.721969159319997918e-04
1.763796899467704783e-04
-9.221151703968648479e-04
1.978126238100227983e-04
-1.069337246008218202e-03
2.208618680015204711e-04
-1.211600028909743700e-03
2.456517540849743105e-04
0.000000000000000000e+00
1.315490840675512707e-04
-0.000000000000000000e+00
-1.680157955787663147e-04
6.156579474918545377e-04
-3.234882024116814679e-04
6.346552981995041802e-04
-3.042855532839892126e-04
6.576382438652216304e-04
-2.845939598046242649e-04
6.825699820183222946e-04
-2.644483465701343255e-04
7.075645844452080942e-04
-2.438836381770670143e-04
7.308869971893727779e-04
-2.229347592219710079e-04
7.509530405513947663e-04
-2.016366343013943868e-04
7.663294090889399704e-04
-1.800241880118848791e-04
7.757336716167634186e-04
-1.581323449499907007e-04
7.780342712067074128e-04
-1.359960297122599863e-04
7.722505251877008784e-04
-1.136501668952406672e-04
7.575526251457631588e-04
-9.112968109548101375e-05
7.332616369239992448e-04
-6.846949690952917401e-05
6.988495006226008591e-04
-4.570453893393297773e-05
6.539390305988497087e-04
-2.286973176524066461e-05
5.983039154671139070e-04
-2.384397746520855454e-19
5.318687180988498171e-04
2.286973176524019027e-05
4.547088756226011302e-04
4.570453893393252372e-05
3.670506994239989738e-04
6.846949690952869967e-05
2.692713751457632130e-04
9.112968109548047165e-05
1.618989626877008242e-04
1.136501668952402878e-04
4.561239620670683685e-05
1.359960297122595255e-04
-7.875851588323682533e-05
1.581323449499899688e-04
-2.102330909110606259e-04
1.800241880118844725e-04
-3.476797719486056132e-04
2.016366343013937905e-04
-4.898161278106273305e-04
2.229347592219706013e-04
-6.352088530547923394e-04
2.438836381770667703e-04
-7.822737679816790064e-04
2.644483465701337292e-04
-9.292758186347788033e-04
2.845939598046237770e-04
-1.074329076800496687e-03
3.042855532839891042e-04
-1.215396740008146655e-03
3.234882024116810342e-04
0.000000000000000000e+00
1.680157955787657184e-04
-0.000000000000000000e+00
-2.039924761953040085e-04
6.224098615348337997e-04
-3.995434963144360347e-04
6.380244158208365872e-04
-3.849124768748875638e-04
6.568017415702340819e-04
-3.677976201288399912e-04
6.769313476979733598e-04
-3.483763430267572403e-04
6.967368535697455838e-04
-3.268260625191030718e-04
7.146759890019890394e-04
-3.033241955563423849e-04
7.293405942618849062e-04
-2.780481590889393741e-04
7.394566200673581254e-04
-2.511753700673580170e-04
7.438841275870802187e-04
-2.228832454420626163e-04
7.416172884404661440e-04
-1.933492021635174480e-04
7.317843846976753797e-04
-1.627506571821866793e-04
7.136478088796135511e-04
-1.312650274485347758e-04
6.866040639579297196e-04
-9.906972991302601312e-05
6.501837633550168168e-04
-6.634218152612432831e-05
6.040516309440139208e-04
-3.325979923829424783e-05
5.480065010488036547e-04
1.376428539288238051e-19
4.819813184440140293e-04
3.325979923829453920e-05
4.060431383550172505e-04
6.634218152612468067e-05
3.203931264579297196e-04
9.906972991302635193e-05
2.253665588796137950e-04
1.312650274485350468e-04
1.214328221976755288e-04
1.627506571821872756e-04
9.195413440465908489e-06
1.933492021635180172e-04
-1.106080599129196865e-04
2.228832454420628874e-04
-2.371058799326421999e-04
2.511753700673587759e-04
-3.692922182381150938e-04
2.780481590889399704e-04
-5.060271359980106354e-04
3.033241955563432523e-04
-6.460365839302548499e-04
3.268260625191041560e-04
-7.879124023020271823e-04
3.483763430267578908e-04
-9.301123209297661350e-04
3.677976201288408586e-04
-1.070959959179164497e-03
3.849124768748891359e-04
-1.208644825965167176e-03
3.995434963144373899e-04
0.000000000000000000e+00
2.039924761953040898e-04
-0.000000000000000000e+00
-2.383629358114882702e-04
6.385383312590418078e-04
-4.716802504844962466e-04
6.488254875876002959e-04
-4.607477458193893322e-04
6.615867023356255617e-04
-4.455712041817603327e-04
6.752377958036959171e-04
-4.264537710696459901e-04
6.883119349367912247e-04
-4.036985919810829378e-04
6.994596333242950655e-04
-3.776088124141094900e-04
7.074487511999905109e-04
-3.484875778667628765e-04
7.111644954420628332e-04
-3.166380338370800560e-04
7.096094195730985295e-04
-2.823633258230984753e-04
7.019034237600864064e-04
-2.459665993228555268e-04
6.872837548144157364e-04
-2.077509998343883319e-04
6.651050061918792940e-04
-1.680196728557346896e-04
6.348391179926695608e-04
-1.270757638849318299e-04
5.960753769613804601e-04
-8.522241842001668428e-05
5.485204164870084416e-04
-4.276278195902703837e-05
4.919982166029515051e-04
3.726944967918921492e-20
4.264501039870086585e-04
4.276278195902716035e-05
3.519347519613807854e-04
8.522241842001687401e-05
2.686281804926693439e-04
1.270757638849319112e-04
1.768237561918794025e-04
1.680196728557347167e-04
7.693219231441611591e-05
2.077509998343887655e-04
-3.051845123991344451e-05
2.459665993228557978e-04
-1.448827679269011994e-04
2.823633258230983669e-04
-2.653980045579378173e-04
3.166380338370805439e-04
-3.911840613000094891e-04
3.484875778667630391e-04
-5.212434916757046092e-04
3.776088124141100863e-04
-6.544615025632087753e-04
4.036985919810838052e-04
-7.896059541963042997e-04
4.264537710696462069e-04
-9.253273601643744383e-04
4.455712041817609290e-04
-1.060158887412399921e-03
4.607477458193906333e-04
-1.192516356240958626e-03
4.716802504844971140e-04
0.000000000000000000e+00
2.383629358114879720e-04
-0.000000000000000000e+00
-2.701423008046631500e-04
6.628712872043253075e-04
-5.380125367082655430e-04
6.661295192316170170e-04
-5.300311604514713719e-04
6.712904432788489081e-04
-5.162802408449348535e-04
6.769961910322312877e-04
-4.971718881279232286e-04
6.819894770160315253e-04
-4.731182125397024370e-04
6.851135985925792564e-04
-4.445313243195412375e-04
6.853124359622602031e-04
-4.118233337067068707e-04
6.816304521635179088e-04
-3.754063509404660355e-04
6.732126930728559062e-04
-3.356924862600864064e-04
6.593047874048357663e-04
-2.930938499048353326e-04
6.392529467120766640e-04
-2.480225521139799464e-04
6.125039653852581978e-04
-2.008907031267879496e-04
5.786052206531172451e-04
-1.521104131825268540e-04
5.372046725824479625e-04
-1.020937925204633718e-04
4.880508640781050381e-04
-5.125295137986535373e-05
4.309929208830002765e-04
6.691560283308972679e-20
3.659805515781049839e-04
5.125295137986556380e-05
2.930640475824481252e-04
1.020937925204636293e-04
2.123942831531170554e-04
1.521104131825270166e-04
1.242227153852583333e-04
2.008907031267881122e-04
2.890138421207672496e-05
2.480225521139804343e-04
-7.311708759516454546e-05
2.930938499048357663e-04
-1.812794944271440395e-04
3.356924862600864064e-04
-2.949320478364828501e-04
3.754063509404668487e-04
-4.133203765377402848e-04
4.118233337067071960e-04
-5.355895264074205268e-04
4.445313243195419964e-04
-6.607839604839689084e-04
4.731182125397035212e-04
-7.878475589677695796e-04
4.971718881279236623e-04
-9.156236192211514172e-04
5.162802408449357209e-04
-1.042854855768383850e-03
5.300311604514728898e-04
-1.168183400295675668e-03
5.380125367082667356e-04
0.000000000000000000e+00
2.701423008046632043e-04
-0.000000000000000000e+00
-2.984770140351933722e-04
6.942366599105296351e-04
-5.969058838672933794e-04
6.890075164847069434e-04
-5.912372143939133122e-04
6.852102815173560920e-04
-5.785081884823735192e-04
6.817133980803188409e-04
-5.592231173068282820e-04
6.774691282771522346e-04
-5.338863120414313402e-04
6.715135532431300118e-04
-5.030020838603373005e-04
6.629665731452404369e-04
-4.670747439377007700e-04
6.510319071821867335e-04
-4.266086034476754881e-04
6.349970935843882777e-04
-3.821079735644160617e-04
6.142334896139799464e-04
-3.340771654620765556e-04
5.881962715648108176e-04
-2.830204903148111429e-04
5.564244347624474219e-04
-2.294422592967744847e-04
5.185407935641705990e-04
-1.738467835821210796e-04
4.742519813589750094e-04
-1.167383743450043824e-04
4.233484505675732547e-04
-5.862134275957932522e-05
3.657044726423919201e-04
5.675120746603812272e-20
3.012781380675733632e-04
5.862134275957948785e-05
2.301113563589752534e-04
1.167383743450045992e-04
1.523298560641706261e-04
1.738467835821212151e-04
6.814318476244811309e-05
2.294422592967745931e-04
-2.215529093518864368e-05
2.830204903148116850e-04
-1.181883853860199722e-04
3.340771654620769892e-04
-2.194950939156112887e-04
3.821079735644158449e-04
-3.255305928178133207e-04
4.266086034476763013e-04
-4.356662393547590210e-04
4.670747439377012037e-04
-5.491895717568691208e-04
5.030020838603378426e-04
-6.653043092228473317e-04
5.338863120414323159e-04
-7.831303519196807254e-04
5.592231173068287157e-04
-9.017037809826434743e-04
5.785081884823742781e-04
-1.019976858515293273e-03
5.912372143939146132e-04
-1.136818027589470582e-03
5.969058838672943552e-04
0.000000000000000000e+00
2.984770140351934806e-04
-0.000000000000000000e+00
-3.226448348464650397e-04
7.314623799175019696e-04
-6.469772779382760956e-04
7.165304850786915689e-04
-6.430750945582979373e-04
7.026435341686004940e-04
-6.310564349405463173e-04
6.888962816447016324e-04
-6.115010473877190459e-04
6.744505371898408368e-04
-5.849886802025136079e-04
6.585351657122369244e-04
-5.520990816876288976e-04
6.404460873454808105e-04
-5.134120001457630504e-04
6.195462774485347487e-04
-4.695071838796138221e-04
5.952657666057346083e-04
-4.209643811918795109e-04
5.671016406267880309e-04
-3.683633403852581978e-04
5.346180405467743221e-04
-3.122838097624478014e-04
4.974461626261466197e-04
-2.533055376261469449e-04
4.552842583507298339e-04
-1.920082722790538723e-04
4.078976344317196173e-04
-1.289717620238659869e-04
3.551186528056859970e-04
-6.477575516328212889e-05
2.968467306345700676e-04
-1.778769189234030712e-20
2.330483403056859970e-04
6.477575516328208823e-05
1.637570094317198342e-04
1.289717620238661766e-04
8.907332085072982035e-05
1.920082722790538994e-04
9.164912626147348130e-06
2.533055376261468365e-04
-7.573352195322525778e-05
3.122838097624482351e-04
-1.653202343732118607e-04
3.683633403852585230e-04
-2.592264208942647412e-04
4.209643811918790230e-04
-3.570162225514653055e-04
4.695071838796143642e-04
-4.581867251545187559e-04
5.134120001457632672e-04
-5.621679592877625335e-04
5.520990816876294397e-04
-6.683229003101590548e-04
5.849886802025145837e-04
-7.759474683552981507e-04
6.115010473877190459e-04
-8.842705283313989639e-04
6.310564349405467510e-04
-9.924538899213079975e-04
6.430750945582991299e-04
-1.099592307582498030e-03
6.469772779382771798e-04
0.000000000000000000e+00
3.226448348464648229e-04
-0.000000000000000000e+00
-3.420548390648846856e-04
7.733763777650892735e-04
-6.870951619930565357e-04
7.477694307453923873e-04
-6.844886811450117282e-04
7.228875183500346269e-04
-6.729442975483830407e-04
6.980517064221206580e-04
-6.531004328280689501e-04
6.726333522237834062e-04
-6.255955086089668490e-04
6.460541044361887194e-04
-5.910679465159771658e-04
6.177859031595292960e-04
-5.501561681739988111e-04
5.873509799130264197e-04
-5.034985952079298280e-04
5.543218576349320196e-04
-4.517336492426696150e-04
5.183213506825271521e-04
-3.954997519031170283e-04
4.790225648321209170e-04
-3.354353248141705448e-04
4.361488972790537638e-04
-2.721787896007297797e-04
3.894740366376938604e-04
-2.063685678876937520e-04
3.388219629414380681e-04
-1.386430812999606133e-04
2.840669476427139478e-04
-6.964075146242976189e-05
2.251335536129774018e-04
-8.470329472543003391e-22
1.619966351427138936e-04
6.964075146242987031e-05
9.468133794143810875e-05
1.386430812999608301e-04
2.326309913769357581e-05
2.063685678876939146e-04
-5.213235272094603965e-05
2.721787896007298339e-04
-1.313289976678791644e-04
3.354353248141711411e-04
-2.141005243174733629e-04
3.954997519031173536e-04
-3.001703298650678720e-04
4.517336492426692897e-04
-3.892115200869744477e-04
5.034985952079306954e-04
-4.808469093404711377e-04
5.501561681739991364e-04
-5.746490205638113890e-04
5.910679465159777079e-04
-6.701400852762172443e-04
6.255955086089681500e-04
-7.667920435778802094e-04
6.531004328280691669e-04
-8.640265441499656984e-04
6.729442975483840165e-04
-9.612149442546082632e-04
6.844886811450134629e-04
-1.057678309734912028e-03
6.870951619930580536e-04
0.000000000000000000e+00
3.420548390648845772e-04
-0.000000000000000000e+00
-3.562474189998794628e-04
8.188065839931379670e-04
-7.163794361986229641e-04
7.817953592166308925e-04
-7.146565476432445918e-04
7.452395511791114376e-04
-7.034090231172743712e-04
7.086865371093162627e-04
-6.833171937614689094e-04
6.717172218486672100e-04
-6.550613907165831872e-04
6.339460378512743388e-04
-6.193219451233747874e-04
5.950209451839334317e-04
-5.767791881226010759e-04
5.546234315261251279e-04
-5.281134508550175757e-04
5.124685121700175245e-04
-4.740050644613810022e-04
4.683047300204640630e-04
-4.151343600824482336e-04
4.219141555950046128e-04
-3.521816688589753889e-04
3.731123870238661224e-04
-2.858273219317197800e-04
3.217485500499609927e-04
-2.167516504414382849e-04
2.677052980288865350e-04
-1.456349855288865350e-04
2.108988119289281152e-04
-7.315765833482161171e-05
1.512788003310562264e-04
2.541098841762901017e-20
8.882849942892788485e-05
7.315765833482157105e-05
2.356467302888620301e-05
1.456349855288865893e-04
-4.446238745003971879e-05
2.167516504414384476e-04
-1.151688629761339318e-04
2.858273219317198884e-04
-1.884374069049959293e-04
3.521816688589759310e-04
-2.641171449795371297e-04
4.151343600824485588e-04
-3.420236753299834512e-04
4.740050644613805686e-04
-4.219390684738767694e-04
5.281134508550182263e-04
-5.036118673160679777e-04
5.767791881226012928e-04
-5.867570871487268538e-04
6.193219451233754379e-04
-6.710562156513349584e-04
6.550613907165840546e-04
-7.561572128906856888e-04
6.833171937614689094e-04
-8.416745113208904056e-04
7.034090231172753470e-04
-9.271890157833717096e-04
7.146565476432464349e-04
-1.012248103506865286e-03
7.163794361986238314e-04
0.000000000000000000e+00
3.562474189998791918e-04
-0.000000000000000000e+00
-3.648942834438967647e-04
8.665809291414923021e-04
-7.342014578171079811e-04
8.176792762242261932e-04
-7.329919608309869335e-04
7.689969497732822463e-04
-7.219057879410688446e-04
7.203076384030290087e-04
-7.016484159976251562e-04
6.714017945341770217e-04
-6.729253218509261177e-04
6.220866343937818572e-04
-6.364419823512437128e-04
5.721861380152410814e-04
-5.929038743488496003e-04
5.215410492382947967e-04
-5.430164746940142461e-04
4.700088757090275940e-04
-4.874852602370088753e-04
4.174638888798658416e-04
-4.270157078281049297e-04
3.637971240095796369e-04
-3.623132943175733089e-04
3.089163801632822102e-04
-2.940834965556858886e-04
2.527462202124301414e-04
-2.230317913927138936e-04
1.952279708348216253e-04
-1.498636556789278171e-04
1.363197225145997785e-04
-7.528456626459949393e-05
7.599632954224960378e-05
1.761828530288944705e-19
1.424941001459962437e-05
7.528456626459996827e-05
-4.891265416517852382e-05
1.498636556789283863e-04
-1.134647172875703736e-04
2.230317913927144357e-04
-1.793648698367177085e-04
2.940834965556863765e-04
-2.465544384904209052e-04
3.623132943175744474e-04
-3.149579861201351342e-04
4.270157078281059055e-04
-3.844833117909731107e-04
4.874852602370090921e-04
-4.550214507617067212e-04
5.430164746940155471e-04
-5.264466744847602197e-04
5.929038743488505760e-04
-5.986164906062194438e-04
6.364419823512452307e-04
-6.713716429658247130e-04
6.729253218509279608e-04
-7.445361115969726176e-04
7.016484159976262404e-04
-8.179171127267193800e-04
7.219057879410705793e-04
-8.913050987757760836e-04
7.329919608309891019e-04
-9.644737583585103000e-04
7.342014578171103664e-04
0.000000000000000000e+00
3.648942834438971983e-04
-0.000000000000000000e+00
-3.677984576724053090e-04
9.155273437499990242e-04
-7.401840412057929686e-04
8.544921874999989158e-04
-7.391428807750338855e-04
7.934570312499991326e-04
-7.281076977960761025e-04
7.324218749999992411e-04
-7.077923510223623838e-04
6.713867187499991326e-04
-6.789106992073350600e-04
6.103515624999993495e-04
-6.421766011044378712e-04
5.493164062499994579e-04
-5.983039154671128228e-04
4.882812499999995121e-04
-5.480065010488031126e-04
4.272460937499996205e-04
-4.919982166029510714e-04
3.662109374999996747e-04
-4.309929208829996802e-04
3.051757812499995663e-04
-3.657044726423914864e-04
2.441406249999996747e-04
-2.968467306345699049e-04
1.831054687499998103e-04
-2.251335536129771579e-04
1.220703124999998103e-04
-1.512788003310558470e-04
6.103515624999989836e-05
-7.599632954224946825e-05
-1.524659305057740610e-20
-8.046812998915853221e-20
-6.103515625000005421e-05
7.599632954224946825e-05
-1.220703124999999322e-04
1.512788003310560367e-04
-1.831054687499999458e-04
2.251335536129771308e-04
-2.441406249999995934e-04
2.968467306345694170e-04
-3.051757812500000542e-04
3.657044726423919743e-04
-3.662109375000002168e-04
4.309929208830001138e-04
-4.272460937499995121e-04
4.919982166029507461e-04
-4.882812500000006505e-04
5.480065010488040884e-04
-5.493164062499998916e-04
5.983039154671132565e-04
-6.103515625000000000e-04
6.421766011044383049e-04
-6.713867187500004337e-04
6.789106992073361442e-04
-7.324218749999998916e-04
7.077923510223629259e-04
-7.934570312500002168e-04
7.281076977960766446e-04
-8.544921875000004337e-04
7.391428807750351866e-04
-9.155273437500004337e-04
7.401840412057942697e-04
0.000000000000000000e+00
3.677984576724052006e-04
-0.000000000000000000e+00
-3.648942834438961683e-04
9.644737583585070474e-04
-7.342014578171066801e-04
8.913050987757728310e-04
-7.329919608309858493e-04
8.179171127267173200e-04
-7.219057879410679772e-04
7.445361115969709913e-04
-7.016484159976239636e-04
6.713716429658224362e-04
-6.729253218509250335e-04
5.986164906062178175e-04
-6.364419823512430623e-04
5.264466744847590271e-04
-5.929038743488486245e-04
4.550214507617050949e-04
-5.430164746940131619e-04
3.844833117909725144e-04
-4.874852602370081164e-04
3.149579861201342126e-04
-4.270157078281042250e-04
2.465544384904200378e-04
-3.623132943175728211e-04
1.793648698367173561e-04
-2.940834965556856717e-04
1.134647172875699264e-04
-2.230317913927136225e-04
4.891265416517827309e-05
-1.498636556789277087e-04
-1.424941001459973110e-05
-7.528456626459954814e-05
-7.599632954224953601e-05
3.388131789017201356e-21
-1.363197225145996159e-04
7.528456626459962945e-05
-1.952279708348215168e-04
1.498636556789280339e-04
-2.527462202124297619e-04
2.230317913927137852e-04
-3.089163801632817223e-04
2.940834965556855633e-04
-3.637971240095796369e-04
3.623132943175736342e-04
-4.174638888798658416e-04
4.270157078281048755e-04
-4.700088757090267809e-04
4.874852602370080079e-04
-5.215410492382951220e-04
5.430164746940142461e-04
-5.721861380152405393e-04
5.929038743488492750e-04
-6.220866343937815320e-04
6.364419823512436044e-04
-6.714017945341772386e-04
6.729253218509265513e-04
-7.203076384030282497e-04
7.016484159976245057e-04
-7.689969497732819211e-04
7.219057879410688446e-04
-8.176792762242263016e-04
7.329919608309875840e-04
-8.665809291414920852e-04
7.342014578171085232e-04
0.000000000000000000e+00
3.648942834438962768e-04
-0.000000000000000000e+00
-3.562474189998790833e-04
1.012248103506862684e-03
-7.163794361986217715e-04
9.271890157833684570e-04
-7.146565476432436160e-04
8.416745113208884540e-04
-7.034090231172738291e-04
7.561572128906843878e-04
-6.833171937614681505e-04
6.710562156513325731e-04
-6.550613907165822114e-04
5.867570871487255528e-04
-6.193219451233741369e-04
5.036118673160670019e-04
-5.767791881226004254e-04
4.219390684738753058e-04
-5.281134508550168168e-04
3.420236753299830176e-04
-4.740050644613805144e-04
2.641171449795363165e-04
-4.151343600824477457e-04
1.884374069049950078e-04
-3.521816688589751178e-04
1.151688629761333355e-04
-2.858273219317196715e-04
4.446238745003899373e-05
-2.167516504414382307e-04
-2.356467302888676544e-05
-1.456349855288865350e-04
-8.882849942892826433e-05
-7.315765833482170658e-05
-1.512788003310563891e-04
-2.676624113323589071e-19
-2.108988119289283863e-04
7.315765833482127290e-05
-2.677052980288867519e-04
1.456349855288861285e-04
-3.217485500499610469e-04
2.167516504414377157e-04
-3.731123870238661224e-04
2.858273219317190210e-04
-4.219141555950049922e-04
3.521816688589751720e-04
-4.683047300204641714e-04
4.151343600824478541e-04
-5.124685121700167656e-04
4.740050644613796470e-04
-5.546234315261254532e-04
5.281134508550171421e-04
-5.950209451839333233e-04
5.767791881226001002e-04
-6.339460378512745556e-04
6.193219451233741369e-04
-6.717172218486677521e-04
6.550613907165827535e-04
-7.086865371093158290e-04
6.833171937614676084e-04
-7.452395511791116544e-04
7.034090231172738291e-04
-7.817953592166315430e-04
7.146565476432447002e-04
-8.188065839931379670e-04
7.163794361986223136e-04
0.000000000000000000e+00
3.562474189998785954e-04
-0.000000000000000000e+00
-3.420548390648846314e-04
1.057678309734910943e-03
-6.870951619930565357e-04
9.612149442546063117e-04
-6.844886811450119450e-04
8.640265441499648310e-04
-6.729442975483832575e-04
7.667920435778801010e-04
-6.531004328280689501e-04
6.701400852762162685e-04
-6.255955086089668490e-04
5.746490205638109553e-04
-5.910679465159771658e-04
4.808469093404714630e-04
-5.501561681739988111e-04
3.892115200869743392e-04
-5.034985952079299365e-04
3.001703298650686309e-04
-4.517336492426695608e-04
2.141005243174735255e-04
-3.954997519031169741e-04
1.313289976678790830e-04
-3.354353248141704906e-04
5.213235272094622261e-05
-2.721787896007297255e-04
-2.326309913769340640e-05
-2.063685678876936978e-04
-9.468133794143787836e-05
-1.386430812999603964e-04
-1.619966351427136496e-04
-6.964075146242962636e-05
-2.251335536129770495e-04
1.236668102991278495e-19
-2.840669476427137852e-04
6.964075146243011425e-05
-3.388219629414380139e-04
1.386430812999610740e-04
-3.894740366376935894e-04
2.063685678876942941e-04
-4.361488972790532759e-04
2.721787896007302676e-04
-4.790225648321213506e-04
3.354353248141716290e-04
-5.183213506825273690e-04
3.954997519031177330e-04
-5.543218576349313691e-04
4.517336492426696150e-04
-5.873509799130268534e-04
5.034985952079311291e-04
-6.177859031595290791e-04
5.501561681739994616e-04
-6.460541044361892615e-04
5.910679465159784669e-04
-6.726333522237845988e-04
6.255955086089689090e-04
-6.980517064221206580e-04
6.531004328280702511e-04
-7.228875183500353858e-04
6.729442975483847754e-04
-7.477694307453941220e-04
6.844886811450146555e-04
-7.733763777650906829e-04
6.870951619930589210e-04
0.000000000000000000e+00
3.420548390648850108e-04
-0.000000000000000000e+00
-3.226448348464649313e-04
1.099592307582497163e-03
-6.469772779382763125e-04
9.924538899213066964e-04
-6.430750945582979373e-04
8.842705283313980966e-04
-6.310564349405465342e-04
7.759474683552978255e-04
-6.115010473877191544e-04
6.683229003101581875e-04
-5.849886802025134995e-04
5.621679592877620998e-04
-5.520990816876290060e-04
4.581867251545187559e-04
-5.134120001457631588e-04
3.570162225514648176e-04
-4.695071838796137137e-04
2.592264208942650664e-04
-4.209643811918794025e-04
1.653202343732117793e-04
-3.683633403852582520e-04
7.573352195322504094e-05
-3.122838097624475303e-04
-9.164912626147449774e-06
-2.533055376261469449e-04
-8.907332085072994232e-05
-1.920082722790538180e-04
-1.637570094317198613e-04
-1.289717620238660140e-04
-2.330483403056859970e-04
-6.477575516328216954e-05
-2.968467306345701218e-04
3.896351557369781560e-20
-3.551186528056859970e-04
6.477575516328225086e-05
-4.078976344317197258e-04
1.289717620238662850e-04
-4.552842583507298339e-04
1.920082722790541975e-04
-4.974461626261465113e-04
2.533055376261471618e-04
-5.346180405467748642e-04
3.122838097624485061e-04
-5.671016406267885730e-04
3.683633403852585773e-04
-5.952657666057342830e-04
4.209643811918792940e-04
-6.195462774485358329e-04
4.695071838796147437e-04
-6.404460873454813526e-04
5.134120001457634841e-04
-6.585351657122372497e-04
5.520990816876295481e-04
-6.744505371898417041e-04
5.849886802025148005e-04
-6.888962816447017409e-04
6.115010473877193712e-04
-7.026435341686014698e-04
6.310564349405474015e-04
-7.165304850786933036e-04
6.430750945582996720e-04
-7.314623799175029454e-04
6.469772779382773967e-04
0.000000000000000000e+00
3.226448348464649313e-04
-0.000000000000000000e+00
-2.984770140351934806e-04
1.136818027589469498e-03
-5.969058838672932710e-04
1.019976858515291322e-03
-5.912372143939132038e-04
9.017037809826427153e-04
-5.785081884823738444e-04
7.831303519196806170e-04
-5.592231173068284988e-04
6.653043092228465728e-04
-5.338863120414314486e-04
5.491895717568689040e-04
-5.030020838603376258e-04
4.356662393547590753e-04
-4.670747439377011495e-04
3.255305928178129412e-04
-4.266086034476758134e-04
2.194950939156112887e-04
-3.821079735644163328e-04
1.181883853860196199e-04
-3.340771654620768808e-04
2.215529093518826083e-05
-2.830204903148114139e-04
-6.814318476244838414e-05
-2.294422592967747016e-04
-1.523298560641708158e-04
-1.738467835821212151e-04
-2.301113563589755244e-04
-1.167383743450046263e-04
-3.012781380675735800e-04
-5.862134275957965726e-05
-3.657044726423922454e-04
-4.108109794183356644e-19
-4.233484505675736342e-04
5.862134275957927779e-05
-4.742519813589756057e-04
1.167383743450043959e-04
-5.185407935641708158e-04
1.738467835821209170e-04
-5.564244347624475303e-04
2.294422592967742679e-04
-5.881962715648117934e-04
2.830204903148112513e-04
-6.142334896139807054e-04
3.340771654620766640e-04
-6.349970935843880608e-04
3.821079735644156822e-04
-6.510319071821878177e-04
4.266086034476759218e-04
-6.629665731452409790e-04
4.670747439377005532e-04
-6.715135532431308792e-04
5.030020838603374090e-04
-6.774691282771535357e-04
5.338863120414316654e-04
-6.817133980803191662e-04
5.592231173068280652e-04
-6.852102815173569594e-04
5.785081884823737360e-04
-6.890075164847082444e-04
5.912372143939139627e-04
-6.942366599105307193e-04
5.969058838672935963e-04
0.000000000000000000e+00
2.984770140351930470e-04
-0.000000000000000000e+00
-2.701423008046629874e-04
1.168183400295674150e-03
-5.380125367082650009e-04
1.042854855768381248e-03
-5.300311604514709382e-04
9.156236192211502246e-04
-5.162802408449347451e-04
7.878475589677688207e-04
-4.971718881279227949e-04
6.607839604839676074e-04
-4.731182125397020034e-04
5.355895264074199847e-04
-4.445313243195410206e-04
4.133203765377399595e-04
-4.118233337067068165e-04
2.949320478364823080e-04
-3.754063509404658187e-04
1.812794944271443106e-04
-3.356924862600861896e-04
7.311708759516453190e-05
-2.930938499048352784e-04
-2.890138421207671140e-05
-2.480225521139799464e-04
-1.242227153852583875e-04
-2.008907031267878954e-04
-2.123942831531169199e-04
-1.521104131825269082e-04
-2.930640475824477999e-04
-1.020937925204634666e-04
-3.659805515781048755e-04
-5.125295137986563834e-05
-4.309929208830002223e-04
-1.397604362969595559e-19
-4.880508640781049297e-04
5.125295137986529952e-05
-5.372046725824479625e-04
1.020937925204632905e-04
-5.786052206531171367e-04
1.521104131825267998e-04
-6.125039653852576557e-04
2.008907031267878683e-04
-6.392529467120770977e-04
2.480225521139799464e-04
-6.593047874048360915e-04
2.930938499048354410e-04
-6.732126930728556894e-04
3.356924862600859185e-04
-6.816304521635186678e-04
3.754063509404663066e-04
-6.853124359622605284e-04
4.118233337067064371e-04
-6.851135985925800153e-04
4.445313243195412375e-04
-6.819894770160331516e-04
4.731182125397027081e-04
-6.769961910322312877e-04
4.971718881279226865e-04
-6.712904432788495586e-04
5.162802408449349619e-04
-6.661295192316188602e-04
5.300311604514720224e-04
-6.628712872043268254e-04
5.380125367082656514e-04
0.000000000000000000e+00
2.701423008046625537e-04
-0.000000000000000000e+00
-2.383629358114879720e-04
1.192516356240954940e-03
-4.716802504844954335e-04
1.060158887412395584e-03
-4.607477458193885191e-04
9.253273601643715110e-04
-4.455712041817597906e-04
7.896059541963022397e-04
-4.264537710696452311e-04
6.544615025632063900e-04
-4.036985919810821789e-04
5.212434916757030913e-04
-3.776088124141089479e-04
3.911840613000084049e-04
-3.484875778667623344e-04
2.653980045579364079e-04
-3.166380338370795139e-04
1.448827679269009826e-04
-2.823633258230980416e-04
3.051845123991332254e-05
-2.459665993228551473e-04
-7.693219231441630565e-05
-2.077509998343880608e-04
-1.768237561918795109e-04
-1.680196728557344457e-04
-2.686281804926692355e-04
-1.270757638849315317e-04
-3.519347519613801349e-04
-8.522241842001644033e-05
-4.264501039870081164e-04
-4.276278195902694351e-05
-4.919982166029508545e-04
9.740878893424453899e-21
-5.485204164870081164e-04
4.276278195902697061e-05
-5.960753769613799180e-04
8.522241842001660296e-05
-6.348391179926688018e-04
1.270757638849317756e-04
-6.651050061918778846e-04
1.680196728557346083e-04
-6.872837548144155196e-04
2.077509998343884132e-04
-7.019034237600862980e-04
2.459665993228555810e-04
-7.096094195730971201e-04
2.823633258230979874e-04
-7.111644954420626163e-04
3.166380338370800560e-04
-7.074487511999899688e-04
3.484875778667626055e-04
-6.994596333242946318e-04
3.776088124141092732e-04
-6.883119349367914416e-04
4.036985919810832631e-04
-6.752377958036951582e-04
4.264537710696457732e-04
-6.615867023356251280e-04
4.455712041817603327e-04
-6.488254875876011633e-04
4.607477458193898743e-04
-6.385383312590422415e-04
4.716802504844963008e-04
0.000000000000000000e+00
2.383629358114878094e-04
-0.000000000000000000e+00
-2.039924761953041440e-04
1.208644825965165658e-03
-3.995434963144364141e-04
1.070959959179162112e-03
-3.849124768748877806e-04
9.301123209297653760e-04
-3.677976201288402081e-04
7.879124023020269655e-04
-3.483763430267574571e-04
6.460365839302537657e-04
-3.268260625191031802e-04
5.060271359980105270e-04
-3.033241955563427102e-04
3.692922182381154191e-04
-2.780481590889394825e-04
2.371058799326420643e-04
-2.511753700673581796e-04
1.106080599129201879e-04
-2.228832454420628332e-04
-9.195413440465708590e-06
-1.933492021635175022e-04
-1.214328221976753526e-04
-1.627506571821867878e-04
-2.253665588796136053e-04
-1.312650274485348300e-04
-3.203931264579293944e-04
-9.906972991302606733e-05
-4.060431383550166000e-04
-6.634218152612453160e-05
-4.819813184440135956e-04
-3.325979923829437657e-05
-5.480065010488031126e-04
-8.893845946170153560e-20
-6.040516309440135956e-04
3.325979923829445789e-05
-6.501837633550171421e-04
6.634218152612464002e-05
-6.866040639579297196e-04
9.906972991302624351e-05
-7.136478088796132258e-04
1.312650274485348029e-04
-7.317843846976760302e-04
1.627506571821869233e-04
-7.416172884404671197e-04
1.933492021635177462e-04
-7.438841275870797850e-04
2.228832454420626163e-04
-7.394566200673592096e-04
2.511753700673586133e-04
-7.293405942618851230e-04
2.780481590889397536e-04
-7.146759890019894730e-04
3.033241955563428728e-04
-6.967368535697467764e-04
3.268260625191040476e-04
-6.769313476979734682e-04
3.483763430267578366e-04
-6.568017415702345155e-04
3.677976201288409670e-04
-6.380244158208382135e-04
3.849124768748887022e-04
-6.224098615348349923e-04
3.995434963144368478e-04
0.000000000000000000e+00
2.039924761953040085e-04
-0.000000000000000000e+00
-1.680157955787666671e-04
1.215396740008146221e-03
-3.234882024116820100e-04
1.074329076800494952e-03
-3.042855532839897547e-04
9.292758186347784780e-04
-2.845939598046248612e-04
7.822737679816788980e-04
-2.644483465701349761e-04
6.352088530547919058e-04
-2.438836381770675022e-04
4.898161278106274389e-04
-2.229347592219715771e-04
3.476797719486061011e-04
-2.016366343013946578e-04
2.102330909110607885e-04
-1.800241880118850688e-04
7.875851588323736743e-05
-1.581323449499909175e-04
-4.561239620670642350e-05
-1.359960297122600134e-04
-1.618989626877006074e-04
-1.136501668952407079e-04
-2.692713751457630504e-04
-9.112968109548094599e-05
-3.670506994239985401e-04
-6.846949690952897072e-05
-4.547088756226004254e-04
-4.570453893393254405e-05
-5.318687180988490582e-04
-2.286973176524007508e-05
-5.983039154671134733e-04
5.495126245312273450e-19
-6.539390305988494918e-04
2.286973176524103392e-05
-6.988495006226008591e-04
4.570453893393358759e-05
-7.332616369239985943e-04
6.846949690952991940e-05
-7.575526251457625083e-04
9.112968109548182690e-05
-7.722505251877009869e-04
1.136501668952418463e-04
-7.780342712067076297e-04
1.359960297122612873e-04
-7.757336716167623344e-04
1.581323449499918662e-04
-7.663294090889402957e-04
1.800241880118865325e-04
-7.509530405513946578e-04
2.016366343013961215e-04
-7.308869971893729948e-04
2.229347592219729866e-04
-7.075645844452087448e-04
2.438836381770695351e-04
-6.825699820183219694e-04
2.644483465701365481e-04
-6.576382438652219557e-04
2.845939598046270296e-04
-6.346552981995056981e-04
3.042855532839924652e-04
-6.156579474918551882e-04
3.234882024116844494e-04
0.000000000000000000e+00
1.680157955787674531e-04
-0.000000000000000000e+00
-1.315490840675518941e-04
1.211600028909742615e-03
-2.456517540849748526e-04
1.069337246008216684e-03
-2.208618680015209590e-04
9.221151703968639805e-04
-1.978126238100232862e-04
7.721969159319997918e-04
-1.763796899467710475e-04
6.216779584065075352e-04
-1.564387348480527240e-04
4.724861355498429860e-04
-1.378654269501570682e-04
3.263816470280286397e-04
-1.205354346893731439e-04
1.849570544436569645e-04
-1.043244265019896899e-04
4.963728133588997464e-05
-8.910807082429566183e-05
-7.832038681954175247e-05
-7.476203609257964938e-05
-1.978263026103382221e-04
-6.116199074313067587e-05
-3.079584566876297650e-04
-4.818360321223761559e-05
-4.079624777659779790e-04
-3.570254193618925472e-05
-4.972516326233753295e-04
-2.359447535127421342e-05
-5.754068261012443633e-04
-1.173507189378175391e-05
-6.421766011044389554e-04
-1.277960959169925637e-19
-6.974771386012447970e-04
1.173507189378140493e-05
-7.413922576233755463e-04
2.359447535127402368e-05
-7.741734152659782500e-04
3.570254193618904465e-05
-7.962397066876293313e-04
4.818360321223728355e-05
-8.081778651103388184e-04
6.116199074313054035e-05
-8.107422618195429722e-04
7.476203609257935122e-05
-8.048549061641098153e-04
8.910807082429518750e-05
-7.916054455563445533e-04
1.043244265019895001e-04
-7.722511654719720108e-04
1.205354346893728321e-04
-7.482169894501582066e-04
1.378654269501568513e-04
-7.210954790934940911e-04
1.564387348480526427e-04
-6.926468340680006419e-04
1.763796899467706409e-04
-6.647988921031362363e-04
1.978126238100233404e-04
-6.396471289917840747e-04
2.208618680015208505e-04
-6.194546585902585773e-04
2.456517540849747984e-04
0.000000000000000000e+00
1.315490840675515418e-04
-0.000000000000000000e+00
-9.583984825035780073e-05
1.196082623209804296e-03
-1.684229937382044576e-04
1.055055472534149018e-03
-1.368710072711112826e-04
9.079276933334763482e-04
-1.095239422284068574e-04
7.571887108497323774e-04
-8.608144707977820548e-05
6.051435484550888970e-04
-6.624317029491123853e-05
4.539128276519473573e-04
-4.970876034349291201e-05
3.054327680729326333e-04
-3.617786569520883963e-05
1.614551874808963590e-04
-2.535013481974628512e-05
2.354750176891657766e-05
-1.692521618679224116e-05
-1.069072750397030334e-04
-1.060275826603235874e-05
-2.287105307914318281e-04
-6.082409527153273079e-06
-3.408480552025141500e-04
-3.063818439841735044e-06
-4.424900398589673911e-04
-1.246633473784205799e-06
-5.329910782165831872e-04
-3.305030986670135277e-07
-6.118901656009265513e-04
-1.507578417713513588e-08
-6.789106992073363610e-04
-2.625802136488331051e-19
-7.339604781009267682e-04
1.507578417634030133e-08
-7.771317032165830788e-04
3.305030986661474365e-07
-8.087009773589672827e-04
1.246633473783255852e-06
-8.291293052025134995e-04
3.063818439840549622e-06
-8.390620932914323159e-04
6.082409527152415882e-06
-8.393291500397038465e-04
1.060275826603118983e-05
-8.309446857310823957e-04
1.692521618679094351e-05
-8.151073125191044813e-04
2.535013481974495697e-05
-7.932000444270676919e-04
3.617786569520722010e-05
-7.667902973480523717e-04
4.970876034349140768e-05
-7.376298890449112114e-04
6.624317029490996460e-05
-7.076550391502676226e-04
8.608144707977659273e-05
-6.789863691665235434e-04
1.095239422284055835e-04
-6.539289024658503317e-04
1.368710072711099002e-04
-6.349720642901959203e-04
1.684229937382028584e-04
0.000000000000000000e+00
9.583984825035723153e-05
-0.000000000000000000e+00
-6.226691119890252150e-05
1.167672453448176601e-03
-9.444222087040500188e-05
1.030554762110113664e-03
-5.477725062519244820e-05
8.860107045620678771e-04
-2.201617462560523635e-05
7.367560174316173252e-04
4.334142431617084686e-06
5.853052716702224993e-04
2.476683584973251293e-05
4.339718725532293320e-04
3.977504093199993410e-05
2.848680596798659997e-04
4.985189298167865403e-05
1.399049069732430308e-04
5.549052730202673510e-05
7.923226803543639867e-07
5.718407919630431326e-05
-1.309609506279226865e-04
5.542568396776917307e-05
-2.540473360568280652e-04
5.070847691968075250e-05
-3.673604223877188291e-04
4.352559335529821170e-05
-4.699949640780683537e-04
3.437016857787999254e-05
-5.612468812614678252e-04
2.373533789068505188e-05
-6.406132597476245057e-04
1.211423659697198065e-05
-7.077923510223629259e-04
3.208137287725662534e-19
-7.626835722476248310e-04
-1.211423659697141992e-05
-8.053875062614679337e-04
-2.373533789068448945e-05
-8.362059015780682995e-04
-3.437016857787938946e-05
-8.556416723877180702e-04
-4.352559335529770348e-05
-8.643988985568287157e-04
-5.070847691968031882e-05
-8.633828256279237707e-04
-5.542568396776889524e-05
-8.536998648196450143e-04
-5.718407919630364919e-05
-8.366575930267574571e-04
-5.549052730202633531e-05
-8.137647528201340545e-04
-4.985189298167775956e-05
-7.867312524467703428e-04
-3.977504093199919549e-05
-7.574681658297781513e-04
-2.476683584973151005e-05
-7.280877325683834337e-04
-4.334142431616262217e-06
-7.009033579379311471e-04
2.201617462560589365e-05
-6.784296128898854687e-04
5.477725062519362049e-05
-6.633822340518230739e-04
9.444222087040586924e-05
0.000000000000000000e+00
6.226691119890303649e-05
-0.000000000000000000e+00
-3.234041246792463472e-05
1.125197450164706382e-03
-2.660119207575810518e-05
9.949061204679316827e-04
2.272042911499823397e-05
8.556615212000919478e-04
6.220448995009137858e-05
7.104057003743963900e-04
9.255367331206878513e-05
5.618627765215947418e-04
1.144706620834777847e-04
4.125389386899785569e-04
1.286581391468652274e-04
2.647224464453775241e-04
1.358187873847791285e-04
1.204836298711618248e-04
1.366552896797663789e-04
-1.832511043175830660e-05
1.318703289143749804e-04
-1.500693033449331730e-04
1.221665879711518780e-04
-2.733324072323715134e-04
1.082467497326439757e-04
-3.869158099405446368e-04
9.081349708139980418e-05
-4.898388287983813059e-04
7.056951289996613204e-05
-5.813387106172720944e-04
4.821748007089013454e-05
-6.608706316910662425e-04
2.446008147671889884e-05
-7.281076977960745846e-04
9.338538243478661238e-19
-7.829409441910665677e-04
-2.446008147671704214e-05
-8.254793356172719860e-04
-4.821748007088819653e-05
-8.560497662983813059e-04
-7.056951289996400429e-05
-8.751970599405434984e-04
-9.081349708139766289e-05
-8.836839697323717845e-04
-1.082467497326419022e-04
-8.824911783449336609e-04
-1.221665879711499264e-04
-8.728172979317572969e-04
-1.318703289143729205e-04
-8.560788701288384733e-04
-1.366552896797642918e-04
-8.339103660546225844e-04
-1.358187873847764723e-04
-8.081641863100205757e-04
-1.286581391468624084e-04
-7.809106609784048246e-04
-1.144706620834750471e-04
-7.544380496256035016e-04
-9.255367331206596621e-05
-7.312525412999068596e-04
-6.220448995008879005e-05
-7.140782545320676668e-04
-2.272042911499518465e-05
-7.058572373352937262e-04
2.660119207576107657e-05
0.000000000000000000e+00
3.234041246792625424e-05
-0.000000000000000000e+00
-7.701808095185474733e-06
1.067485543899237459e-03
3.195687895640709851e-05
9.471805533394203397e-04
9.268836583942126122e-05
8.161774603649967364e-04
1.404139329679305443e-04
6.776446243748064473e-04
1.760625746101137181e-04
5.345157114788882296e-04
2.005632850341495599e-04
3.894896944984785532e-04
2.148450585082170637e-04
2.450308529660103537e-04
2.198368893004951422e-04
1.033687731251117857e-04
2.164677716791625726e-04
-3.350165206938994207e-05
2.056666999123987825e-04
-1.638202229514718056e-04
1.883626682683824409e-04
-2.860614331439134206e-04
1.654846710152919724e-04
-3.989344695582984252e-04
1.379617024213068591e-04
-5.013832123950122703e-04
1.067227567546064201e-04
-5.925862351432443749e-04
7.269682828336931078e-05
-6.719568045809866082e-04
3.681291127577416595e-05
-7.391428807750343192e-04
-1.592421940838084637e-19
-7.940271170809868250e-04
-3.681291127577450477e-05
-8.367268601432447002e-04
-7.269682828337000195e-05
-8.675941498950125955e-04
-1.067227567546069080e-04
-8.872157195582975036e-04
-1.379617024213075367e-04
-8.964129956439141796e-04
-1.654846710152923519e-04
-8.962420979514727814e-04
-1.883626682683827661e-04
-8.879938395693893864e-04
-2.056666999123988909e-04
-8.731937268748893527e-04
-2.164677716791630875e-04
-8.536019595339897547e-04
-2.198368893004952777e-04
-8.312134305015206337e-04
-2.148450585082169553e-04
-8.082577260211118789e-04
-2.005632850341496412e-04
-7.871991256251929022e-04
-1.760625746101138536e-04
-7.707366021350032636e-04
-1.404139329679313303e-04
-7.618038216605805277e-04
-9.268836583942210148e-05
-7.635691436007646009e-04
-3.195687895640825726e-05
0.000000000000000000e+00
7.701808095184783554e-06
-0.000000000000000000e+00
9.876129398536260265e-06
9.933646651916210220e-04
7.783732144162011396e-05
8.864490664564069833e-04
1.519582001492377301e-04
7.668558391742408276e-04
2.096701064147049999e-04
6.379796541295948897e-04
2.521451096981756792e-04
5.029637250117957592e-04
2.805552794598036460e-04
3.646998084150255269e-04
2.960726851597422901e-04
2.258282038383187490e-04
2.998693962581452455e-04
8.873775368556389759e-05
2.931174822151656582e-04
-4.443415673449635506e-05
2.769890124909577043e-04
-1.718015992082657598e-04
2.526560565456746382e-04
-2.917301026172935963e-04
2.212906838394696060e-04
-4.028366529382768004e-04
1.840649638324969733e-04
-5.039896932430569694e-04
1.421509659849103471e-04
-5.943091236986228557e-04
9.672075975686275130e-05
-6.731663015671080896e-04
4.894641460850818583e-05
-7.401840412057943781e-04
-3.413542777434830366e-19
-7.952366140671083064e-04
-4.894641460850889057e-05
-8.384497486986227472e-04
-9.672075975686378129e-05
-8.702006307430574031e-04
-1.421509659849111060e-04
-8.911179029382765293e-04
-1.840649638324975425e-04
-9.020816651172948973e-04
-2.212906838394702023e-04
-9.042234742082669524e-04
-2.526560565456752346e-04
-8.989263442344965719e-04
-2.769890124909583549e-04
-8.878247463144384741e-04
-2.931174822151672845e-04
-8.728046086616828231e-04
-2.998693962581458418e-04
-8.560033165849762621e-04
-2.960726851597429948e-04
-8.398097124882060839e-04
-2.805552794598046218e-04
-8.268640958704061945e-04
-2.521451096981772513e-04
-8.200582233257605819e-04
-2.096701064147061925e-04
-8.225353085435957272e-04
-1.519582001492390583e-04
-8.376900223083820138e-04
-7.783732144162190290e-05
0.000000000000000000e+00
-9.876129398536954832e-06
-0.000000000000000000e+00
8.657715322139641450e-06
-0.000000000000000000e+00
5.032561603002295596e-05
-0.000000000000000000e+00
9.239187541728251826e-05
-0.000000000000000000e+00
1.250606243653848318e-04
-0.000000000000000000e+00
1.490031136199833318e-04
-0.000000000000000000e+00
1.648905939267328292e-04
-0.000000000000000000e+00
1.733943160312870777e-04
-0.000000000000000000e+00
1.751855306793003732e-04
-0.000000000000000000e+00
1.709354886164268219e-04
-0.000000000000000000e+00
1.613154405883204215e-04
-0.000000000000000000e+00
1.469966373406350884e-04
-0.000000000000000000e+00
1.286503296190250100e-04
-0.000000000000000000e+00
1.069477681691446177e-04
-0.000000000000000000e+00
8.256020373664782800e-05
-0.000000000000000000e+00
5.615888706718854368e-05
-0.000000000000000000e+00
2.841506890642136557e-05
-0.000000000000000000e+00
-1.829591166069288732e-19
-0.000000000000000000e+00
-2.841506890642173149e-05
-0.000000000000000000e+00
-5.615888706718890960e-05
-0.000000000000000000e+00
-8.256020373664820747e-05
-0.000000000000000000e+00
-1.069477681691449159e-04
-0.000000000000000000e+00
-1.286503296190254165e-04
-0.000000000000000000e+00
-1.469966373406356034e-04
-0.000000000000000000e+00
-1.613154405883206926e-04
-0.000000000000000000e+00
-1.709354886164278790e-04
-0.000000000000000000e+00
-1.751855306793010237e-04
-0.000000000000000000e+00
-1.733943160312877553e-04
-0.000000000000000000e+00
-1.648905939267332357e-04
-0.000000000000000000e+00
-1.490031136199842263e-04
-0.000000000000000000e+00
-1.250606243653855094e-04
-0.000000000000000000e+00
-9.239187541728327720e-05
-0.000000000000000000e+00
-5.032561603002345062e-05
0.000000000000000000e+00
-8.657715322139736318e-06
