0000 0001 0066 0065
0001 0002 0067 0066
0002 0003 0068 0067
0003 0004 0069 0068
0004 0005 0070 0069
0005 0006 0071 0070
0006 0007 0072 0071
0007 0008 0073 0072
0008 0009 0074 0073
0009 0010 0075 0074
0010 0011 0076 0075
0011 0012 0077 0076
0012 0013 0078 0077
0013 0014 0079 0078
0014 0015 0080 0079
0015 0016 0081 0080
0016 0017 0082 0081
0017 0018 0083 0082
0018 0019 0084 0083
0019 0020 0085 0084
0020 0021 0086 0085
0021 0022 0087 0086
0022 0023 0088 0087
0023 0024 0089 0088
0024 0025 0090 0089
0025 0026 0091 0090
0026 0027 0092 0091
0027 0028 0093 0092
0028 0029 0094 0093
0029 0030 0095 0094
0030 0031 0096 0095
0031 0032 0097 0096
0032 0033 0098 0097
0033 0034 0099 0098
0034 0035 0100 0099
0035 0036 0101 0100
0036 0037 0102 0101
0037 0038 0103 0102
0038 0039 0104 0103
0039 0040 0105 0104
0040 0041 0106 0105
0041 0042 0107 0106
0042 0043 0108 0107
0043 0044 0109 0108
0044 0045 0110 0109
0045 0046 0111 0110
0046 0047 0112 0111
0047 0048 0113 0112
0048 0049 0114 0113
0049 0050 0115 0114
0050 0051 0116 0115
0051 0052 0117 0116
0052 0053 0118 0117
0053 0054 0119 0118
0054 0055 0120 0119
0055 0056 0121 0120
0056 0057 0122 0121
0057 0058 0123 0122
0058 0059 0124 0123
0059 0060 0125 0124
0060 0061 0126 0125
0061 0062 0127 0126
0062 0063 0128 0127
0063 0064 0129 0128
0065 0066 0131 0130
0066 0067 0132 0131
0067 0068 0133 0132
0068 0069 0134 0133
0069 0070 0135 0134
0070 0071 0136 0135
0071 0072 0137 0136
0072 0073 0138 0137
0073 0074 0139 0138
0074 0075 0140 0139
0075 0076 0141 0140
0076 0077 0142 0141
0077 0078 0143 0142
0078 0079 0144 0143
0079 0080 0145 0144
0080 0081 0146 0145
0081 0082 0147 0146
0082 0083 0148 0147
0083 0084 0149 0148
0084 0085 0150 0149
0085 0086 0151 0150
0086 0087 0152 0151
0087 0088 0153 0152
0088 0089 0154 0153
0089 0090 0155 0154
0090 0091 0156 0155
0091 0092 0157 0156
0092 0093 0158 0157
0093 0094 0159 0158
0094 0095 0160 0159
0095 0096 0161 0160
0096 0097 0162 0161
0097 0098 0163 0162
0098 0099 0164 0163
0099 0100 0165 0164
0100 0101 0166 0165
0101 0102 0167 0166
0102 0103 0168 0167
0103 0104 0169 0168
0104 0105 0170 0169
0105 0106 0171 0170
0106 0107 0172 0171
0107 0108 0173 0172
0108 0109 0174 0173
0109 0110 0175 0174
0110 0111 0176 0175
0111 0112 0177 0176
0112 0113 0178 0177
0113 0114 0179 0178
0114 0115 0180 0179
0115 0116 0181 0180
0116 0117 0182 0181
0117 0118 0183 0182
0118 0119 0184 0183
0119 0120 0185 0184
0120 0121 0186 0185
0121 0122 0187 0186
0122 0123 0188 0187
0123 0124 0189 0188
0124 0125 0190 0189
0125 0126 0191 0190
0126 0127 0192 0191
0127 0128 0193 0192
0128 0129 0194 0193
0130 0131 0196 0195
0131 0132 0197 0196
0132 0133 0198 0197
0133 0134 0199 0198
0134 0135 0200 0199
0135 0136 0201 0200
0136 0137 0202 0201
0137 0138 0203 0202
0138 0139 0204 0203
0139 0140 0205 0204
0140 0141 0206 0205
0141 0142 0207 0206
0142 0143 0208 0207
0143 0144 0209 0208
0144 0145 0210 0209
0145 0146 0211 0210
0146 0147 0212 0211
0147 0148 0213 0212
0148 0149 0214 0213
0149 0150 0215 0214
0150 0151 0216 0215
0151 0152 0217 0216
0152 0153 0218 0217
0153 0154 0219 0218
0154 0155 0220 0219
0155 0156 0221 0220
0156 0157 0222 0221
0157 0158 0223 0222
0158 0159 0224 0223
0159 0160 0225 0224
0160 0161 0226 0225
0161 0162 0227 0226
0162 0163 0228 0227
0163 0164 0229 0228
0164 0165 0230 0229
0165 0166 0231 0230
0166 0167 0232 0231
0167 0168 0233 0232
0168 0169 0234 0233
0169 0170 0235 0234
0170 0171 0236 0235
0171 0172 0237 0236
0172 0173 0238 0237
0173 0174 0239 0238
0174 0175 0240 0239
0175 0176 0241 0240
0176 0177 0242 0241
0177 0178 0243 0242
0178 0179 0244 0243
0179 0180 0245 0244
0180 0181 0246 0245
0181 0182 0247 0246
0182 0183 0248 0247
0183 0184 0249 0248
0184 0185 0250 0249
0185 0186 0251 0250
0186 0187 0252 0251
0187 0188 0253 0252
0188 0189 0254 0253
0189 0190 0255 0254
0190 0191 0256 0255
0191 0192 0257 0256
0192 0193 0258 0257
0193 0194 0259 0258
0195 0196 0261 0260
0196 0197 0262 0261
0197 0198 0263 0262
0198 0199 0264 0263
0199 0200 0265 0264
0200 0201 0266 0265
0201 0202 0267 0266
0202 0203 0268 0267
0203 0204 0269 0268
0204 0205 0270 0269
0205 0206 0271 0270
0206 0207 0272 0271
0207 0208 0273 0272
0208 0209 0274 0273
0209 0210 0275 0274
0210 0211 0276 0275
0211 0212 0277 0276
0212 0213 0278 0277
0213 0214 0279 0278
0214 0215 0280 0279
0215 0216 0281 0280
0216 0217 0282 0281
0217 0218 0283 0282
0218 0219 0284 0283
0219 0220 0285 0284
0220 0221 0286 0285
0221 0222 0287 0286
0222 0223 0288 0287
0223 0224 0289 0288
0224 0225 0290 0289
0225 0226 0291 0290
0226 0227 0292 0291
0227 0228 0293 0292
0228 0229 0294 0293
0229 0230 0295 0294
0230 0231 0296 0295
0231 0232 0297 0296
0232 0233 0298 0297
0233 0234 0299 0298
0234 0235 0300 0299
0235 0236 0301 0300
0236 0237 0302 0301
0237 0238 0303 0302
0238 0239 0304 0303
0239 0240 0305 0304
0240 0241 0306 0305
0241 0242 0307 0306
0242 0243 0308 0307
0243 0244 0309 0308
0244 0245 0310 0309
0245 0246 0311 0310
0246 0247 0312 0311
0247 0248 0313 0312
0248 0249 0314 0313
0249 0250 0315 0314
0250 0251 0316 0315
0251 0252 0317 0316
0252 0253 0318 0317
0253 0254 0319 0318
0254 0255 0320 0319
0255 0256 0321 0320
0256 0257 0322 0321
0257 0258 0323 0322
0258 0259 0324 0323
0260 0261 0326 0325
0261 0262 0327 0326
0262 0263 0328 0327
0263 0264 0329 0328
0264 0265 0330 0329
0265 0266 0331 0330
0266 0267 0332 0331
0267 0268 0333 0332
0268 0269 0334 0333
0269 0270 0335 0334
0270 0271 0336 0335
0271 0272 0337 0336
0272 0273 0338 0337
0273 0274 0339 0338
0274 0275 0340 0339
0275 0276 0341 0340
0276 0277 0342 0341
0277 0278 0343 0342
0278 0279 0344 0343
0279 0280 0345 0344
0280 0281 0346 0345
0281 0282 0347 0346
0282 0283 0348 0347
0283 0284 0349 0348
0284 0285 0350 0349
0285 0286 0351 0350
0286 0287 0352 0351
0287 0288 0353 0352
0288 0289 0354 0353
0289 0290 0355 0354
0290 0291 0356 0355
0291 0292 0357 0356
0292 0293 0358 0357
0293 0294 0359 0358
0294 0295 0360 0359
0295 0296 0361 0360
0296 0297 0362 0361
0297 0298 0363 0362
0298 0299 0364 0363
0299 0300 0365 0364
0300 0301 0366 0365
0301 0302 0367 0366
0302 0303 0368 0367
0303 0304 0369 0368
0304 0305 0370 0369
0305 0306 0371 0370
0306 0307 0372 0371
0307 0308 0373 0372
0308 0309 0374 0373
0309 0310 0375 0374
0310 0311 0376 0375
0311 0312 0377 0376
0312 0313 0378 0377
0313 0314 0379 0378
0314 0315 0380 0379
0315 0316 0381 0380
0316 0317 0382 0381
0317 0318 0383 0382
0318 0319 0384 0383
0319 0320 0385 0384
0320 0321 0386 0385
0321 0322 0387 0386
0322 0323 0388 0387
0323 0324 0389 0388
0325 0326 0391 0390
0326 0327 0392 0391
0327 0328 0393 0392
0328 0329 0394 0393
0329 0330 0395 0394
0330 0331 0396 0395
0331 0332 0397 0396
0332 0333 0398 0397
0333 0334 0399 0398
0334 0335 0400 0399
0335 0336 0401 0400
0336 0337 0402 0401
0337 0338 0403 0402
0338 0339 0404 0403
0339 0340 0405 0404
0340 0341 0406 0405
0341 0342 0407 0406
0342 0343 0408 0407
0343 0344 0409 0408
0344 0345 0410 0409
0345 0346 0411 0410
0346 0347 0412 0411
0347 0348 0413 0412
0348 0349 0414 0413
0349 0350 0415 0414
0350 0351 0416 0415
0351 0352 0417 0416
0352 0353 0418 0417
0353 0354 0419 0418
0354 0355 0420 0419
0355 0356 0421 0420
0356 0357 0422 0421
0357 0358 0423 0422
0358 0359 0424 0423
0359 0360 0425 0424
0360 0361 0426 0425
0361 0362 0427 0426
0362 0363 0428 0427
0363 0364 0429 0428
0364 0365 0430 0429
0365 0366 0431 0430
0366 0367 0432 0431
0367 0368 0433 0432
0368 0369 0434 0433
0369 0370 0435 0434
0370 0371 0436 0435
0371 0372 0437 0436
0372 0373 0438 0437
0373 0374 0439 0438
0374 0375 0440 0439
0375 0376 0441 0440
0376 0377 0442 0441
0377 0378 0443 0442
0378 0379 0444 0443
0379 0380 0445 0444
0380 0381 0446 0445
0381 0382 0447 0446
0382 0383 0448 0447
0383 0384 0449 0448
0384 0385 0450 0449
0385 0386 0451 0450
0386 0387 0452 0451
0387 0388 0453 0452
0388 0389 0454 0453
0390 0391 0456 0455
0391 0392 0457 0456
0392 0393 0458 0457
0393 0394 0459 0458
0394 0395 0460 0459
0395 0396 0461 0460
0396 0397 0462 0461
0397 0398 0463 0462
0398 0399 0464 0463
0399 0400 0465 0464
0400 0401 0466 0465
0401 0402 0467 0466
0402 0403 0468 0467
0403 0404 0469 0468
0404 0405 0470 0469
0405 0406 0471 0470
0406 0407 0472 0471
0407 0408 0473 0472
0408 0409 0474 0473
0409 0410 0475 0474
0410 0411 0476 0475
0411 0412 0477 0476
0412 0413 0478 0477
0413 0414 0479 0478
0414 0415 0480 0479
0415 0416 0481 0480
0416 0417 0482 0481
0417 0418 0483 0482
0418 0419 0484 0483
0419 0420 0485 0484
0420 0421 0486 0485
0421 0422 0487 0486
0422 0423 0488 0487
0423 0424 0489 0488
0424 0425 0490 0489
0425 0426 0491 0490
0426 0427 0492 0491
0427 0428 0493 0492
0428 0429 0494 0493
0429 0430 0495 0494
0430 0431 0496 0495
0431 0432 0497 0496
0432 0433 0498 0497
0433 0434 0499 0498
0434 0435 0500 0499
0435 0436 0501 0500
0436 0437 0502 0501
0437 0438 0503 0502
0438 0439 0504 0503
0439 0440 0505 0504
0440 0441 0506 0505
0441 0442 0507 0506
0442 0443 0508 0507
0443 0444 0509 0508
0444 0445 0510 0509
0445 0446 0511 0510
0446 0447 0512 0511
0447 0448 0513 0512
0448 0449 0514 0513
0449 0450 0515 0514
0450 0451 0516 0515
0451 0452 0517 0516
0452 0453 0518 0517
0453 0454 0519 0518
0455 0456 0521 0520
0456 0457 0522 0521
0457 0458 0523 0522
0458 0459 0524 0523
0459 0460 0525 0524
0460 0461 0526 0525
0461 0462 0527 0526
0462 0463 0528 0527
0463 0464 0529 0528
0464 0465 0530 0529
0465 0466 0531 0530
0466 0467 0532 0531
0467 0468 0533 0532
0468 0469 0534 0533
0469 0470 0535 0534
0470 0471 0536 0535
0471 0472 0537 0536
0472 0473 0538 0537
0473 0474 0539 0538
0474 0475 0540 0539
0475 0476 0541 0540
0476 0477 0542 0541
0477 0478 0543 0542
0478 0479 0544 0543
0479 0480 0545 0544
0480 0481 0546 0545
0481 0482 0547 0546
0482 0483 0548 0547
0483 0484 0549 0548
0484 0485 0550 0549
0485 0486 0551 0550
0486 0487 0552 0551
0487 0488 0553 0552
0488 0489 0554 0553
0489 0490 0555 0554
0490 0491 0556 0555
0491 0492 0557 0556
0492 0493 0558 0557
0493 0494 0559 0558
0494 0495 0560 0559
0495 0496 0561 0560
0496 0497 0562 0561
0497 0498 0563 0562
0498 0499 0564 0563
0499 0500 0565 0564
0500 0501 0566 0565
0501 0502 0567 0566
0502 0503 0568 0567
0503 0504 0569 0568
0504 0505 0570 0569
0505 0506 0571 0570
0506 0507 0572 0571
0507 0508 0573 0572
0508 0509 0574 0573
0509 0510 0575 0574
0510 0511 0576 0575
0511 0512 0577 0576
0512 0513 0578 0577
0513 0514 0579 0578
0514 0515 0580 0579
0515 0516 0581 0580
0516 0517 0582 0581
0517 0518 0583 0582
0518 0519 0584 0583
0520 0521 0586 0585
0521 0522 0587 0586
0522 0523 0588 0587
0523 0524 0589 0588
0524 0525 0590 0589
0525 0526 0591 0590
0526 0527 0592 0591
0527 0528 0593 0592
0528 0529 0594 0593
0529 0530 0595 0594
0530 0531 0596 0595
0531 0532 0597 0596
0532 0533 0598 0597
0533 0534 0599 0598
0534 0535 0600 0599
0535 0536 0601 0600
0536 0537 0602 0601
0537 0538 0603 0602
0538 0539 0604 0603
0539 0540 0605 0604
0540 0541 0606 0605
0541 0542 0607 0606
0542 0543 0608 0607
0543 0544 0609 0608
0544 0545 0610 0609
0545 0546 0611 0610
0546 0547 0612 0611
0547 0548 0613 0612
0548 0549 0614 0613
0549 0550 0615 0614
0550 0551 0616 0615
0551 0552 0617 0616
0552 0553 0618 0617
0553 0554 0619 0618
0554 0555 0620 0619
0555 0556 0621 0620
0556 0557 0622 0621
0557 0558 0623 0622
0558 0559 0624 0623
0559 0560 0625 0624
0560 0561 0626 0625
0561 0562 0627 0626
0562 0563 0628 0627
0563 0564 0629 0628
0564 0565 0630 0629
0565 0566 0631 0630
0566 0567 0632 0631
0567 0568 0633 0632
0568 0569 0634 0633
0569 0570 0635 0634
0570 0571 0636 0635
0571 0572 0637 0636
0572 0573 0638 0637
0573 0574 0639 0638
0574 0575 0640 0639
0575 0576 0641 0640
0576 0577 0642 0641
0577 0578 0643 0642
0578 0579 0644 0643
0579 0580 0645 0644
0580 0581 0646 0645
0581 0582 0647 0646
0582 0583 0648 0647
0583 0584 0649 0648
0585 0586 0651 0650
0586 0587 0652 0651
0587 0588 0653 0652
0588 0589 0654 0653
0589 0590 0655 0654
0590 0591 0656 0655
0591 0592 0657 0656
0592 0593 0658 0657
0593 0594 0659 0658
0594 0595 0660 0659
0595 0596 0661 0660
0596 0597 0662 0661
0597 0598 0663 0662
0598 0599 0664 0663
0599 0600 0665 0664
0600 0601 0666 0665
0601 0602 0667 0666
0602 0603 0668 0667
0603 0604 0669 0668
0604 0605 0670 0669
0605 0606 0671 0670
0606 0607 0672 0671
0607 0608 0673 0672
0608 0609 0674 0673
0609 0610 0675 0674
0610 0611 0676 0675
0611 0612 0677 0676
0612 0613 0678 0677
0613 0614 0679 0678
0614 0615 0680 0679
0615 0616 0681 0680
0616 0617 0682 0681
0617 0618 0683 0682
0618 0619 0684 0683
0619 0620 0685 0684
0620 0621 0686 0685
0621 0622 0687 0686
0622 0623 0688 0687
0623 0624 0689 0688
0624 0625 0690 0689
0625 0626 0691 0690
0626 0627 0692 0691
0627 0628 0693 0692
0628 0629 0694 0693
0629 0630 0695 0694
0630 0631 0696 0695
0631 0632 0697 0696
0632 0633 0698 0697
0633 0634 0699 0698
0634 0635 0700 0699
0635 0636 0701 0700
0636 0637 0702 0701
0637 0638 0703 0702
0638 0639 0704 0703
0639 0640 0705 0704
0640 0641 0706 0705
0641 0642 0707 0706
0642 0643 0708 0707
0643 0644 0709 0708
0644 0645 0710 0709
0645 0646 0711 0710
0646 0647 0712 0711
0647 0648 0713 0712
0648 0649 0714 0713
0650 0651 0716 0715
0651 0652 0717 0716
0652 0653 0718 0717
0653 0654 0719 0718
0654 0655 0720 0719
0655 0656 0721 0720
0656 0657 0722 0721
0657 0658 0723 0722
0658 0659 0724 0723
0659 0660 0725 0724
0660 0661 0726 0725
0661 0662 0727 0726
0662 0663 0728 0727
0663 0664 0729 0728
0664 0665 0730 0729
0665 0666 0731 0730
0666 0667 0732 0731
0667 0668 0733 0732
0668 0669 0734 0733
0669 0670 0735 0734
0670 0671 0736 0735
0671 0672 0737 0736
0672 0673 0738 0737
0673 0674 0739 0738
0674 0675 0740 0739
0675 0676 0741 0740
0676 0677 0742 0741
0677 0678 0743 0742
0678 0679 0744 0743
0679 0680 0745 0744
0680 0681 0746 0745
0681 0682 0747 0746
0682 0683 0748 0747
0683 0684 0749 0748
0684 0685 0750 0749
0685 0686 0751 0750
0686 0687 0752 0751
0687 0688 0753 0752
0688 0689 0754 0753
0689 0690 0755 0754
0690 0691 0756 0755
0691 0692 0757 0756
0692 0693 0758 0757
0693 0694 0759 0758
0694 0695 0760 0759
0695 0696 0761 0760
0696 0697 0762 0761
0697 0698 0763 0762
0698 0699 0764 0763
0699 0700 0765 0764
0700 0701 0766 0765
0701 0702 0767 0766
0702 0703 0768 0767
0703 0704 0769 0768
0704 0705 0770 0769
0705 0706 0771 0770
0706 0707 0772 0771
0707 0708 0773 0772
0708 0709 0774 0773
0709 0710 0775 0774
0710 0711 0776 0775
0711 0712 0777 0776
0712 0713 0778 0777
0713 0714 0779 0778
0715 0716 0781 0780
0716 0717 0782 0781
0717 0718 0783 0782
0718 0719 0784 0783
0719 0720 0785 0784
0720 0721 0786 0785
0721 0722 0787 0786
0722 0723 0788 0787
0723 0724 0789 0788
0724 0725 0790 0789
0725 0726 0791 0790
0726 0727 0792 0791
0727 0728 0793 0792
0728 0729 0794 0793
0729 0730 0795 0794
0730 0731 0796 0795
0731 0732 0797 0796
0732 0733 0798 0797
0733 0734 0799 0798
0734 0735 0800 0799
0735 0736 0801 0800
0736 0737 0802 0801
0737 0738 0803 0802
0738 0739 0804 0803
0739 0740 0805 0804
0740 0741 0806 0805
0741 0742 0807 0806
0742 0743 0808 0807
0743 0744 0809 0808
0744 0745 0810 0809
0745 0746 0811 0810
0746 0747 0812 0811
0747 0748 0813 0812
0748 0749 0814 0813
0749 0750 0815 0814
0750 0751 0816 0815
0751 0752 0817 0816
0752 0753 0818 0817
0753 0754 0819 0818
0754 0755 0820 0819
0755 0756 0821 0820
0756 0757 0822 0821
0757 0758 0823 0822
0758 0759 0824 0823
0759 0760 0825 0824
0760 0761 0826 0825
0761 0762 0827 0826
0762 0763 0828 0827
0763 0764 0829 0828
0764 0765 0830 0829
0765 0766 0831 0830
0766 0767 0832 0831
0767 0768 0833 0832
0768 0769 0834 0833
0769 0770 0835 0834
0770 0771 0836 0835
0771 0772 0837 0836
0772 0773 0838 0837
0773 0774 0839 0838
0774 0775 0840 0839
0775 0776 0841 0840
0776 0777 0842 0841
0777 0778 0843 0842
0778 0779 0844 0843
0780 0781 0846 0845
0781 0782 0847 0846
0782 0783 0848 0847
0783 0784 0849 0848
0784 0785 0850 0849
0785 0786 0851 0850
0786 0787 0852 0851
0787 0788 0853 0852
0788 0789 0854 0853
0789 0790 0855 0854
0790 0791 0856 0855
0791 0792 0857 0856
0792 0793 0858 0857
0793 0794 0859 0858
0794 0795 0860 0859
0795 0796 0861 0860
0796 0797 0862 0861
0797 0798 0863 0862
0798 0799 0864 0863
0799 0800 0865 0864
0800 0801 0866 0865
0801 0802 0867 0866
0802 0803 0868 0867
0803 0804 0869 0868
0804 0805 0870 0869
0805 0806 0871 0870
0806 0807 0872 0871
0807 0808 0873 0872
0808 0809 0874 0873
0809 0810 0875 0874
0810 0811 0876 0875
0811 0812 0877 0876
0812 0813 0878 0877
0813 0814 0879 0878
0814 0815 0880 0879
0815 0816 0881 0880
0816 0817 0882 0881
0817 0818 0883 0882
0818 0819 0884 0883
0819 0820 0885 0884
0820 0821 0886 0885
0821 0822 0887 0886
0822 0823 0888 0887
0823 0824 0889 0888
0824 0825 0890 0889
0825 0826 0891 0890
0826 0827 0892 0891
0827 0828 0893 0892
0828 0829 0894 0893
0829 0830 0895 0894
0830 0831 0896 0895
0831 0832 0897 0896
0832 0833 0898 0897
0833 0834 0899 0898
0834 0835 0900 0899
0835 0836 0901 0900
0836 0837 0902 0901
0837 0838 0903 0902
0838 0839 0904 0903
0839 0840 0905 0904
0840 0841 0906 0905
0841 0842 0907 0906
0842 0843 0908 0907
0843 0844 0909 0908
0845 0846 0911 0910
0846 0847 0912 0911
0847 0848 0913 0912
0848 0849 0914 0913
0849 0850 0915 0914
0850 0851 0916 0915
0851 0852 0917 0916
0852 0853 0918 0917
0853 0854 0919 0918
0854 0855 0920 0919
0855 0856 0921 0920
0856 0857 0922 0921
0857 0858 0923 0922
0858 0859 0924 0923
0859 0860 0925 0924
0860 0861 0926 0925
0861 0862 0927 0926
0862 0863 0928 0927
0863 0864 0929 0928
0864 0865 0930 0929
0865 0866 0931 0930
0866 0867 0932 0931
0867 0868 0933 0932
0868 0869 0934 0933
0869 0870 0935 0934
0870 0871 0936 0935
0871 0872 0937 0936
0872 0873 0938 0937
0873 0874 0939 0938
0874 0875 0940 0939
0875 0876 0941 0940
0876 0877 0942 0941
0877 0878 0943 0942
0878 0879 0944 0943
0879 0880 0945 0944
0880 0881 0946 0945
0881 0882 0947 0946
0882 0883 0948 0947
0883 0884 0949 0948
0884 0885 0950 0949
0885 0886 0951 0950
0886 0887 0952 0951
0887 0888 0953 0952
0888 0889 0954 0953
0889 0890 0955 0954
0890 0891 0956 0955
0891 0892 0957 0956
0892 0893 0958 0957
0893 0894 0959 0958
0894 0895 0960 0959
0895 0896 0961 0960
0896 0897 0962 0961
0897 0898 0963 0962
0898 0899 0964 0963
0899 0900 0965 0964
0900 0901 0966 0965
0901 0902 0967 0966
0902 0903 0968 0967
0903 0904 0969 0968
0904 0905 0970 0969
0905 0906 0971 0970
0906 0907 0972 0971
0907 0908 0973 0972
0908 0909 0974 0973
0910 0911 0976 0975
0911 0912 0977 0976
0912 0913 0978 0977
0913 0914 0979 0978
0914 0915 0980 0979
0915 0916 0981 0980
0916 0917 0982 0981
0917 0918 0983 0982
0918 0919 0984 0983
0919 0920 0985 0984
0920 0921 0986 0985
0921 0922 0987 0986
0922 0923 0988 0987
0923 0924 0989 0988
0924 0925 0990 0989
0925 0926 0991 0990
0926 0927 0992 0991
0927 0928 0993 0992
0928 0929 0994 0993
0929 0930 0995 0994
0930 0931 0996 0995
0931 0932 0997 0996
0932 0933 0998 0997
0933 0934 0999 0998
0934 0935 1000 0999
0935 0936 1001 1000
0936 0937 1002 1001
0937 0938 1003 1002
0938 0939 1004 1003
0939 0940 1005 1004
0940 0941 1006 1005
0941 0942 1007 1006
0942 0943 1008 1007
0943 0944 1009 1008
0944 0945 1010 1009
0945 0946 1011 1010
0946 0947 1012 1011
0947 0948 1013 1012
0948 0949 1014 1013
0949 0950 1015 1014
0950 0951 1016 1015
0951 0952 1017 1016
0952 0953 1018 1017
0953 0954 1019 1018
0954 0955 1020 1019
0955 0956 1021 1020
0956 0957 1022 1021
0957 0958 1023 1022
0958 0959 1024 1023
0959 0960 1025 1024
0960 0961 1026 1025
0961 0962 1027 1026
0962 0963 1028 1027
0963 0964 1029 1028
0964 0965 1030 1029
0965 0966 1031 1030
0966 0967 1032 1031
0967 0968 1033 1032
0968 0969 1034 1033
0969 0970 1035 1034
0970 0971 1036 1035
0971 0972 1037 1036
0972 0973 1038 1037
0973 0974 1039 1038
0975 0976 1041 1040
0976 0977 1042 1041
0977 0978 1043 1042
0978 0979 1044 1043
0979 0980 1045 1044
0980 0981 1046 1045
0981 0982 1047 1046
0982 0983 1048 1047
0983 0984 1049 1048
0984 0985 1050 1049
0985 0986 1051 1050
0986 0987 1052 1051
0987 0988 1053 1052
0988 0989 1054 1053
0989 0990 1055 1054
0990 0991 1056 1055
0991 0992 1057 1056
0992 0993 1058 1057
0993 0994 1059 1058
0994 0995 1060 1059
0995 0996 1061 1060
0996 0997 1062 1061
0997 0998 1063 1062
0998 0999 1064 1063
0999 1000 1065 1064
1000 1001 1066 1065
1001 1002 1067 1066
1002 1003 1068 1067
1003 1004 1069 1068
1004 1005 1070 1069
1005 1006 1071 1070
1006 1007 1072 1071
1007 1008 1073 1072
1008 1009 1074 1073
1009 1010 1075 1074
1010 1011 1076 1075
1011 1012 1077 1076
1012 1013 1078 1077
1013 1014 1079 1078
1014 1015 1080 1079
1015 1016 1081 1080
1016 1017 1082 1081
1017 1018 1083 1082
1018 1019 1084 1083
1019 1020 1085 1084
1020 1021 1086 1085
1021 1022 1087 1086
1022 1023 1088 1087
1023 1024 1089 1088
1024 1025 1090 1089
1025 1026 1091 1090
1026 1027 1092 1091
1027 1028 1093 1092
1028 1029 1094 1093
1029 1030 1095 1094
1030 1031 1096 1095
1031 1032 1097 1096
1032 1033 1098 1097
1033 1034 1099 1098
1034 1035 1100 1099
1035 1036 1101 1100
1036 1037 1102 1101
1037 1038 1103 1102
1038 1039 1104 1103
1040 1041 1106 1105
1041 1042 1107 1106
1042 1043 1108 1107
1043 1044 1109 1108
1044 1045 1110 1109
1045 1046 1111 1110
1046 1047 1112 1111
1047 1048 1113 1112
1048 1049 1114 1113
1049 1050 1115 1114
1050 1051 1116 1115
1051 1052 1117 1116
1052 1053 1118 1117
1053 1054 1119 1118
1054 1055 1120 1119
1055 1056 1121 1120
1056 1057 1122 1121
1057 1058 1123 1122
1058 1059 1124 1123
1059 1060 1125 1124
1060 1061 1126 1125
1061 1062 1127 1126
1062 1063 1128 1127
1063 1064 1129 1128
1064 1065 1130 1129
1065 1066 1131 1130
1066 1067 1132 1131
1067 1068 1133 1132
1068 1069 1134 1133
1069 1070 1135 1134
1070 1071 1136 1135
1071 1072 1137 1136
1072 1073 1138 1137
1073 1074 1139 1138
1074 1075 1140 1139
1075 1076 1141 1140
1076 1077 1142 1141
1077 1078 1143 1142
1078 1079 1144 1143
1079 1080 1145 1144
1080 1081 1146 1145
1081 1082 1147 1146
1082 1083 1148 1147
1083 1084 1149 1148
1084 1085 1150 1149
1085 1086 1151 1150
1086 1087 1152 1151
1087 1088 1153 1152
1088 1089 1154 1153
1089 1090 1155 1154
1090 1091 1156 1155
1091 1092 1157 1156
1092 1093 1158 1157
1093 1094 1159 1158
1094 1095 1160 1159
1095 1096 1161 1160
1096 1097 1162 1161
1097 1098 1163 1162
1098 1099 1164 1163
1099 1100 1165 1164
1100 1101 1166 1165
1101 1102 1167 1166
1102 1103 1168 1167
1103 1104 1169 1168
1105 1106 1171 1170
1106 1107 1172 1171
1107 1108 1173 1172
1108 1109 1174 1173
1109 1110 1175 1174
1110 1111 1176 1175
1111 1112 1177 1176
1112 1113 1178 1177
1113 1114 1179 1178
1114 1115 1180 1179
1115 1116 1181 1180
1116 1117 1182 1181
1117 1118 1183 1182
1118 1119 1184 1183
1119 1120 1185 1184
1120 1121 1186 1185
1121 1122 1187 1186
1122 1123 1188 1187
1123 1124 1189 1188
1124 1125 1190 1189
1125 1126 1191 1190
1126 1127 1192 1191
1127 1128 1193 1192
1128 1129 1194 1193
1129 1130 1195 1194
1130 1131 1196 1195
1131 1132 1197 1196
1132 1133 1198 1197
1133 1134 1199 1198
1134 1135 1200 1199
1135 1136 1201 1200
1136 1137 1202 1201
1137 1138 1203 1202
1138 1139 1204 1203
1139 1140 1205 1204
1140 1141 1206 1205
1141 1142 1207 1206
1142 1143 1208 1207
1143 1144 1209 1208
1144 1145 1210 1209
1145 1146 1211 1210
1146 1147 1212 1211
1147 1148 1213 1212
1148 1149 1214 1213
1149 1150 1215 1214
1150 1151 1216 1215
1151 1152 1217 1216
1152 1153 1218 1217
1153 1154 1219 1218
1154 1155 1220 1219
1155 1156 1221 1220
1156 1157 1222 1221
1157 1158 1223 1222
1158 1159 1224 1223
1159 1160 1225 1224
1160 1161 1226 1225
1161 1162 1227 1226
1162 1163 1228 1227
1163 1164 1229 1228
1164 1165 1230 1229
1165 1166 1231 1230
1166 1167 1232 1231
1167 1168 1233 1232
1168 1169 1234 1233
1170 1171 1236 1235
1171 1172 1237 1236
1172 1173 1238 1237
1173 1174 1239 1238
1174 1175 1240 1239
1175 1176 1241 1240
1176 1177 1242 1241
1177 1178 1243 1242
1178 1179 1244 1243
1179 1180 1245 1244
1180 1181 1246 1245
1181 1182 1247 1246
1182 1183 1248 1247
1183 1184 1249 1248
1184 1185 1250 1249
1185 1186 1251 1250
1186 1187 1252 1251
1187 1188 1253 1252
1188 1189 1254 1253
1189 1190 1255 1254
1190 1191 1256 1255
1191 1192 1257 1256
1192 1193 1258 1257
1193 1194 1259 1258
1194 1195 1260 1259
1195 1196 1261 1260
1196 1197 1262 1261
1197 1198 1263 1262
1198 1199 1264 1263
1199 1200 1265 1264
1200 1201 1266 1265
1201 1202 1267 1266
1202 1203 1268 1267
1203 1204 1269 1268
1204 1205 1270 1269
1205 1206 1271 1270
1206 1207 1272 1271
1207 1208 1273 1272
1208 1209 1274 1273
1209 1210 1275 1274
1210 1211 1276 1275
1211 1212 1277 1276
1212 1213 1278 1277
1213 1214 1279 1278
1214 1215 1280 1279
1215 1216 1281 1280
1216 1217 1282 1281
1217 1218 1283 1282
1218 1219 1284 1283
1219 1220 1285 1284
1220 1221 1286 1285
1221 1222 1287 1286
1222 1223 1288 1287
1223 1224 1289 1288
1224 1225 1290 1289
1225 1226 1291 1290
1226 1227 1292 1291
1227 1228 1293 1292
1228 1229 1294 1293
1229 1230 1295 1294
1230 1231 1296 1295
1231 1232 1297 1296
1232 1233 1298 1297
1233 1234 1299 1298
1235 1236 1301 1300
1236 1237 1302 1301
1237 1238 1303 1302
1238 1239 1304 1303
1239 1240 1305 1304
1240 1241 1306 1305
1241 1242 1307 1306
1242 1243 1308 1307
1243 1244 1309 1308
1244 1245 1310 1309
1245 1246 1311 1310
1246 1247 1312 1311
1247 1248 1313 1312
1248 1249 1314 1313
1249 1250 1315 1314
1250 1251 1316 1315
1251 1252 1317 1316
1252 1253 1318 1317
1253 1254 1319 1318
1254 1255 1320 1319
1255 1256 1321 1320
1256 1257 1322 1321
1257 1258 1323 1322
1258 1259 1324 1323
1259 1260 1325 1324
1260 1261 1326 1325
1261 1262 1327 1326
1262 1263 1328 1327
1263 1264 1329 1328
1264 1265 1330 1329
1265 1266 1331 1330
1266 1267 1332 1331
1267 1268 1333 1332
1268 1269 1334 1333
1269 1270 1335 1334
1270 1271 1336 1335
1271 1272 1337 1336
1272 1273 1338 1337
1273 1274 1339 1338
1274 1275 1340 1339
1275 1276 1341 1340
1276 1277 1342 1341
1277 1278 1343 1342
1278 1279 1344 1343
1279 1280 1345 1344
1280 1281 1346 1345
1281 1282 1347 1346
1282 1283 1348 1347
1283 1284 1349 1348
1284 1285 1350 1349
1285 1286 1351 1350
1286 1287 1352 1351
1287 1288 1353 1352
1288 1289 1354 1353
1289 1290 1355 1354
1290 1291 1356 1355
1291 1292 1357 1356
1292 1293 1358 1357
1293 1294 1359 1358
1294 1295 1360 1359
1295 1296 1361 1360
1296 1297 1362 1361
1297 1298 1363 1362
1298 1299 1364 1363
1300 1301 1366 1365
1301 1302 1367 1366
1302 1303 1368 1367
1303 1304 1369 1368
1304 1305 1370 1369
1305 1306 1371 1370
1306 1307 1372 1371
1307 1308 1373 1372
1308 1309 1374 1373
1309 1310 1375 1374
1310 1311 1376 1375
1311 1312 1377 1376
1312 1313 1378 1377
1313 1314 1379 1378
1314 1315 1380 1379
1315 1316 1381 1380
1316 1317 1382 1381
1317 1318 1383 1382
1318 1319 1384 1383
1319 1320 1385 1384
1320 1321 1386 1385
1321 1322 1387 1386
1322 1323 1388 1387
1323 1324 1389 1388
1324 1325 1390 1389
1325 1326 1391 1390
1326 1327 1392 1391
1327 1328 1393 1392
1328 1329 1394 1393
1329 1330 1395 1394
1330 1331 1396 1395
1331 1332 1397 1396
1332 1333 1398 1397
1333 1334 1399 1398
1334 1335 1400 1399
1335 1336 1401 1400
1336 1337 1402 1401
1337 1338 1403 1402
1338 1339 1404 1403
1339 1340 1405 1404
1340 1341 1406 1405
1341 1342 1407 1406
1342 1343 1408 1407
1343 1344 1409 1408
1344 1345 1410 1409
1345 1346 1411 1410
1346 1347 1412 1411
1347 1348 1413 1412
1348 1349 1414 1413
1349 1350 1415 1414
1350 1351 1416 1415
1351 1352 1417 1416
1352 1353 1418 1417
1353 1354 1419 1418
1354 1355 1420 1419
1355 1356 1421 1420
1356 1357 1422 1421
1357 1358 1423 1422
1358 1359 1424 1423
1359 1360 1425 1424
1360 1361 1426 1425
1361 1362 1427 1426
1362 1363 1428 1427
1363 1364 1429 1428
1365 1366 1431 1430
1366 1367 1432 1431
1367 1368 1433 1432
1368 1369 1434 1433
1369 1370 1435 1434
1370 1371 1436 1435
1371 1372 1437 1436
1372 1373 1438 1437
1373 1374 1439 1438
1374 1375 1440 1439
1375 1376 1441 1440
1376 1377 1442 1441
1377 1378 1443 1442
1378 1379 1444 1443
1379 1380 1445 1444
1380 1381 1446 1445
1381 1382 1447 1446
1382 1383 1448 1447
1383 1384 1449 1448
1384 1385 1450 1449
1385 1386 1451 1450
1386 1387 1452 1451
1387 1388 1453 1452
1388 1389 1454 1453
1389 1390 1455 1454
1390 1391 1456 1455
1391 1392 1457 1456
1392 1393 1458 1457
1393 1394 1459 1458
1394 1395 1460 1459
1395 1396 1461 1460
1396 1397 1462 1461
1397 1398 1463 1462
1398 1399 1464 1463
1399 1400 1465 1464
1400 1401 1466 1465
1401 1402 1467 1466
1402 1403 1468 1467
1403 1404 1469 1468
1404 1405 1470 1469
1405 1406 1471 1470
1406 1407 1472 1471
1407 1408 1473 1472
1408 1409 1474 1473
1409 1410 1475 1474
1410 1411 1476 1475
1411 1412 1477 1476
1412 1413 1478 1477
1413 1414 1479 1478
1414 1415 1480 1479
1415 1416 1481 1480
1416 1417 1482 1481
1417 1418 1483 1482
1418 1419 1484 1483
1419 1420 1485 1484
1420 1421 1486 1485
1421 1422 1487 1486
1422 1423 1488 1487
1423 1424 1489 1488
1424 1425 1490 1489
1425 1426 1491 1490
1426 1427 1492 1491
1427 1428 1493 1492
1428 1429 1494 1493
1430 1431 1496 1495
1431 1432 1497 1496
1432 1433 1498 1497
1433 1434 1499 1498
1434 1435 1500 1499
1435 1436 1501 1500
1436 1437 1502 1501
1437 1438 1503 1502
1438 1439 1504 1503
1439 1440 1505 1504
1440 1441 1506 1505
1441 1442 1507 1506
1442 1443 1508 1507
1443 1444 1509 1508
1444 1445 1510 1509
1445 1446 1511 1510
1446 1447 1512 1511
1447 1448 1513 1512
1448 1449 1514 1513
1449 1450 1515 1514
1450 1451 1516 1515
1451 1452 1517 1516
1452 1453 1518 1517
1453 1454 1519 1518
1454 1455 1520 1519
1455 1456 1521 1520
1456 1457 1522 1521
1457 1458 1523 1522
1458 1459 1524 1523
1459 1460 1525 1524
1460 1461 1526 1525
1461 1462 1527 1526
1462 1463 1528 1527
1463 1464 1529 1528
1464 1465 1530 1529
1465 1466 1531 1530
1466 1467 1532 1531
1467 1468 1533 1532
1468 1469 1534 1533
1469 1470 1535 1534
1470 1471 1536 1535
1471 1472 1537 1536
1472 1473 1538 1537
1473 1474 1539 1538
1474 1475 1540 1539
1475 1476 1541 1540
1476 1477 1542 1541
1477 1478 1543 1542
1478 1479 1544 1543
1479 1480 1545 1544
1480 1481 1546 1545
1481 1482 1547 1546
1482 1483 1548 1547
1483 1484 1549 1548
1484 1485 1550 1549
1485 1486 1551 1550
1486 1487 1552 1551
1487 1488 1553 1552
1488 1489 1554 1553
1489 1490 1555 1554
1490 1491 1556 1555
1491 1492 1557 1556
1492 1493 1558 1557
1493 1494 1559 1558
1495 1496 1561 1560
1496 1497 1562 1561
1497 1498 1563 1562
1498 1499 1564 1563
1499 1500 1565 1564
1500 1501 1566 1565
1501 1502 1567 1566
1502 1503 1568 1567
1503 1504 1569 1568
1504 1505 1570 1569
1505 1506 1571 1570
1506 1507 1572 1571
1507 1508 1573 1572
1508 1509 1574 1573
1509 1510 1575 1574
1510 1511 1576 1575
1511 1512 1577 1576
1512 1513 1578 1577
1513 1514 1579 1578
1514 1515 1580 1579
1515 1516 1581 1580
1516 1517 1582 1581
1517 1518 1583 1582
1518 1519 1584 1583
1519 1520 1585 1584
1520 1521 1586 1585
1521 1522 1587 1586
1522 1523 1588 1587
1523 1524 1589 1588
1524 1525 1590 1589
1525 1526 1591 1590
1526 1527 1592 1591
1527 1528 1593 1592
1528 1529 1594 1593
1529 1530 1595 1594
1530 1531 1596 1595
1531 1532 1597 1596
1532 1533 1598 1597
1533 1534 1599 1598
1534 1535 1600 1599
1535 1536 1601 1600
1536 1537 1602 1601
1537 1538 1603 1602
1538 1539 1604 1603
1539 1540 1605 1604
1540 1541 1606 1605
1541 1542 1607 1606
1542 1543 1608 1607
1543 1544 1609 1608
1544 1545 1610 1609
1545 1546 1611 1610
1546 1547 1612 1611
1547 1548 1613 1612
1548 1549 1614 1613
1549 1550 1615 1614
1550 1551 1616 1615
1551 1552 1617 1616
1552 1553 1618 1617
1553 1554 1619 1618
1554 1555 1620 1619
1555 1556 1621 1620
1556 1557 1622 1621
1557 1558 1623 1622
1558 1559 1624 1623
1560 1561 1626 1625
1561 1562 1627 1626
1562 1563 1628 1627
1563 1564 1629 1628
1564 1565 1630 1629
1565 1566 1631 1630
1566 1567 1632 1631
1567 1568 1633 1632
1568 1569 1634 1633
1569 1570 1635 1634
1570 1571 1636 1635
1571 1572 1637 1636
1572 1573 1638 1637
1573 1574 1639 1638
1574 1575 1640 1639
1575 1576 1641 1640
1576 1577 1642 1641
1577 1578 1643 1642
1578 1579 1644 1643
1579 1580 1645 1644
1580 1581 1646 1645
1581 1582 1647 1646
1582 1583 1648 1647
1583 1584 1649 1648
1584 1585 1650 1649
1585 1586 1651 1650
1586 1587 1652 1651
1587 1588 1653 1652
1588 1589 1654 1653
1589 1590 1655 1654
1590 1591 1656 1655
1591 1592 1657 1656
1592 1593 1658 1657
1593 1594 1659 1658
1594 1595 1660 1659
1595 1596 1661 1660
1596 1597 1662 1661
1597 1598 1663 1662
1598 1599 1664 1663
1599 1600 1665 1664
1600 1601 1666 1665
1601 1602 1667 1666
1602 1603 1668 1667
1603 1604 1669 1668
1604 1605 1670 1669
1605 1606 1671 1670
1606 1607 1672 1671
1607 1608 1673 1672
1608 1609 1674 1673
1609 1610 1675 1674
1610 1611 1676 1675
1611 1612 1677 1676
1612 1613 1678 1677
1613 1614 1679 1678
1614 1615 1680 1679
1615 1616 1681 1680
1616 1617 1682 1681
1617 1618 1683 1682
1618 1619 1684 1683
1619 1620 1685 1684
1620 1621 1686 1685
1621 1622 1687 1686
1622 1623 1688 1687
1623 1624 1689 1688
1625 1626 1691 1690
1626 1627 1692 1691
1627 1628 1693 1692
1628 1629 1694 1693
1629 1630 1695 1694
1630 1631 1696 1695
1631 1632 1697 1696
1632 1633 1698 1697
1633 1634 1699 1698
1634 1635 1700 1699
1635 1636 1701 1700
1636 1637 1702 1701
1637 1638 1703 1702
1638 1639 1704 1703
1639 1640 1705 1704
1640 1641 1706 1705
1641 1642 1707 1706
1642 1643 1708 1707
1643 1644 1709 1708
1644 1645 1710 1709
1645 1646 1711 1710
1646 1647 1712 1711
1647 1648 1713 1712
1648 1649 1714 1713
1649 1650 1715 1714
1650 1651 1716 1715
1651 1652 1717 1716
1652 1653 1718 1717
1653 1654 1719 1718
1654 1655 1720 1719
1655 1656 1721 1720
1656 1657 1722 1721
1657 1658 1723 1722
1658 1659 1724 1723
1659 1660 1725 1724
1660 1661 1726 1725
1661 1662 1727 1726
1662 1663 1728 1727
1663 1664 1729 1728
1664 1665 1730 1729
1665 1666 1731 1730
1666 1667 1732 1731
1667 1668 1733 1732
1668 1669 1734 1733
1669 1670 1735 1734
1670 1671 1736 1735
1671 1672 1737 1736
1672 1673 1738 1737
1673 1674 1739 1738
1674 1675 1740 1739
1675 1676 1741 1740
1676 1677 1742 1741
1677 1678 1743 1742
1678 1679 1744 1743
1679 1680 1745 1744
1680 1681 1746 1745
1681 1682 1747 1746
1682 1683 1748 1747
1683 1684 1749 1748
1684 1685 1750 1749
1685 1686 1751 1750
1686 1687 1752 1751
1687 1688 1753 1752
1688 1689 1754 1753
1690 1691 1756 1755
1691 1692 1757 1756
1692 1693 1758 1757
1693 1694 1759 1758
1694 1695 1760 1759
1695 1696 1761 1760
1696 1697 1762 1761
1697 1698 1763 1762
1698 1699 1764 1763
1699 1700 1765 1764
1700 1701 1766 1765
1701 1702 1767 1766
1702 1703 1768 1767
1703 1704 1769 1768
1704 1705 1770 1769
1705 1706 1771 1770
1706 1707 1772 1771
1707 1708 1773 1772
1708 1709 1774 1773
1709 1710 1775 1774
1710 1711 1776 1775
1711 1712 1777 1776
1712 1713 1778 1777
1713 1714 1779 1778
1714 1715 1780 1779
1715 1716 1781 1780
1716 1717 1782 1781
1717 1718 1783 1782
1718 1719 1784 1783
1719 1720 1785 1784
1720 1721 1786 1785
1721 1722 1787 1786
1722 1723 1788 1787
1723 1724 1789 1788
1724 1725 1790 1789
1725 1726 1791 1790
1726 1727 1792 1791
1727 1728 1793 1792
1728 1729 1794 1793
1729 1730 1795 1794
1730 1731 1796 1795
1731 1732 1797 1796
1732 1733 1798 1797
1733 1734 1799 1798
1734 1735 1800 1799
1735 1736 1801 1800
1736 1737 1802 1801
1737 1738 1803 1802
1738 1739 1804 1803
1739 1740 1805 1804
1740 1741 1806 1805
1741 1742 1807 1806
1742 1743 1808 1807
1743 1744 1809 1808
1744 1745 1810 1809
1745 1746 1811 1810
1746 1747 1812 1811
1747 1748 1813 1812
1748 1749 1814 1813
1749 1750 1815 1814
1750 1751 1816 1815
1751 1752 1817 1816
1752 1753 1818 1817
1753 1754 1819 1818
1755 1756 1821 1820
1756 1757 1822 1821
1757 1758 1823 1822
1758 1759 1824 1823
1759 1760 1825 1824
1760 1761 1826 1825
1761 1762 1827 1826
1762 1763 1828 1827
1763 1764 1829 1828
1764 1765 1830 1829
1765 1766 1831 1830
1766 1767 1832 1831
1767 1768 1833 1832
1768 1769 1834 1833
1769 1770 1835 1834
1770 1771 1836 1835
1771 1772 1837 1836
1772 1773 1838 1837
1773 1774 1839 1838
1774 1775 1840 1839
1775 1776 1841 1840
1776 1777 1842 1841
1777 1778 1843 1842
1778 1779 1844 1843
1779 1780 1845 1844
1780 1781 1846 1845
1781 1782 1847 1846
1782 1783 1848 1847
1783 1784 1849 1848
1784 1785 1850 1849
1785 1786 1851 1850
1786 1787 1852 1851
1787 1788 1853 1852
1788 1789 1854 1853
1789 1790 1855 1854
1790 1791 1856 1855
1791 1792 1857 1856
1792 1793 1858 1857
1793 1794 1859 1858
1794 1795 1860 1859
1795 1796 1861 1860
1796 1797 1862 1861
1797 1798 1863 1862
1798 1799 1864 1863
1799 1800 1865 1864
1800 1801 1866 1865
1801 1802 1867 1866
1802 1803 1868 1867
1803 1804 1869 1868
1804 1805 1870 1869
1805 1806 1871 1870
1806 1807 1872 1871
1807 1808 1873 1872
1808 1809 1874 1873
1809 1810 1875 1874
1810 1811 1876 1875
1811 1812 1877 1876
1812 1813 1878 1877
1813 1814 1879 1878
1814 1815 1880 1879
1815 1816 1881 1880
1816 1817 1882 1881
1817 1818 1883 1882
1818 1819 1884 1883
1820 1821 1886 1885
1821 1822 1887 1886
1822 1823 1888 1887
1823 1824 1889 1888
1824 1825 1890 1889
1825 1826 1891 1890
1826 1827 1892 1891
1827 1828 1893 1892
1828 1829 1894 1893
1829 1830 1895 1894
1830 1831 1896 1895
1831 1832 1897 1896
1832 1833 1898 1897
1833 1834 1899 1898
1834 1835 1900 1899
1835 1836 1901 1900
1836 1837 1902 1901
1837 1838 1903 1902
1838 1839 1904 1903
1839 1840 1905 1904
1840 1841 1906 1905
1841 1842 1907 1906
1842 1843 1908 1907
1843 1844 1909 1908
1844 1845 1910 1909
1845 1846 1911 1910
1846 1847 1912 1911
1847 1848 1913 1912
1848 1849 1914 1913
1849 1850 1915 1914
1850 1851 1916 1915
1851 1852 1917 1916
1852 1853 1918 1917
1853 1854 1919 1918
1854 1855 1920 1919
1855 1856 1921 1920
1856 1857 1922 1921
1857 1858 1923 1922
1858 1859 1924 1923
1859 1860 1925 1924
1860 1861 1926 1925
1861 1862 1927 1926
1862 1863 1928 1927
1863 1864 1929 1928
1864 1865 1930 1929
1865 1866 1931 1930
1866 1867 1932 1931
1867 1868 1933 1932
1868 1869 1934 1933
1869 1870 1935 1934
1870 1871 1936 1935
1871 1872 1937 1936
1872 1873 1938 1937
1873 1874 1939 1938
1874 1875 1940 1939
1875 1876 1941 1940
1876 1877 1942 1941
1877 1878 1943 1942
1878 1879 1944 1943
1879 1880 1945 1944
1880 1881 1946 1945
1881 1882 1947 1946
1882 1883 1948 1947
1883 1884 1949 1948
1885 1886 1951 1950
1886 1887 1952 1951
1887 1888 1953 1952
1888 1889 1954 1953
1889 1890 1955 1954
1890 1891 1956 1955
1891 1892 1957 1956
1892 1893 1958 1957
1893 1894 1959 1958
1894 1895 1960 1959
1895 1896 1961 1960
1896 1897 1962 1961
1897 1898 1963 1962
1898 1899 1964 1963
1899 1900 1965 1964
1900 1901 1966 1965
1901 1902 1967 1966
1902 1903 1968 1967
1903 1904 1969 1968
1904 1905 1970 1969
1905 1906 1971 1970
1906 1907 1972 1971
1907 1908 1973 1972
1908 1909 1974 1973
1909 1910 1975 1974
1910 1911 1976 1975
1911 1912 1977 1976
1912 1913 1978 1977
1913 1914 1979 1978
1914 1915 1980 1979
1915 1916 1981 1980
1916 1917 1982 1981
1917 1918 1983 1982
1918 1919 1984 1983
1919 1920 1985 1984
1920 1921 1986 1985
1921 1922 1987 1986
1922 1923 1988 1987
1923 1924 1989 1988
1924 1925 1990 1989
1925 1926 1991 1990
1926 1927 1992 1991
1927 1928 1993 1992
1928 1929 1994 1993
1929 1930 1995 1994
1930 1931 1996 1995
1931 1932 1997 1996
1932 1933 1998 1997
1933 1934 1999 1998
1934 1935 2000 1999
1935 1936 2001 2000
1936 1937 2002 2001
1937 1938 2003 2002
1938 1939 2004 2003
1939 1940 2005 2004
1940 1941 2006 2005
1941 1942 2007 2006
1942 1943 2008 2007
1943 1944 2009 2008
1944 1945 2010 2009
1945 1946 2011 2010
1946 1947 2012 2011
1947 1948 2013 2012
1948 1949 2014 2013
1950 1951 2016 2015
1951 1952 2017 2016
1952 1953 2018 2017
1953 1954 2019 2018
1954 1955 2020 2019
1955 1956 2021 2020
1956 1957 2022 2021
1957 1958 2023 2022
1958 1959 2024 2023
1959 1960 2025 2024
1960 1961 2026 2025
1961 1962 2027 2026
1962 1963 2028 2027
1963 1964 2029 2028
1964 1965 2030 2029
1965 1966 2031 2030
1966 1967 2032 2031
1967 1968 2033 2032
1968 1969 2034 2033
1969 1970 2035 2034
1970 1971 2036 2035
1971 1972 2037 2036
1972 1973 2038 2037
1973 1974 2039 2038
1974 1975 2040 2039
1975 1976 2041 2040
1976 1977 2042 2041
1977 1978 2043 2042
1978 1979 2044 2043
1979 1980 2045 2044
1980 1981 2046 2045
1981 1982 2047 2046
1982 1983 2048 2047
1983 1984 2049 2048
1984 1985 2050 2049
1985 1986 2051 2050
1986 1987 2052 2051
1987 1988 2053 2052
1988 1989 2054 2053
1989 1990 2055 2054
1990 1991 2056 2055
1991 1992 2057 2056
1992 1993 2058 2057
1993 1994 2059 2058
1994 1995 2060 2059
1995 1996 2061 2060
1996 1997 2062 2061
1997 1998 2063 2062
1998 1999 2064 2063
1999 2000 2065 2064
2000 2001 2066 2065
2001 2002 2067 2066
2002 2003 2068 2067
2003 2004 2069 2068
2004 2005 2070 2069
2005 2006 2071 2070
2006 2007 2072 2071
2007 2008 2073 2072
2008 2009 2074 2073
2009 2010 2075 2074
2010 2011 2076 2075
2011 2012 2077 2076
2012 2013 2078 2077
2013 2014 2079 2078
2015 2016 2081 2080
2016 2017 2082 2081
2017 2018 2083 2082
2018 2019 2084 2083
2019 2020 2085 2084
2020 2021 2086 2085
2021 2022 2087 2086
2022 2023 2088 2087
2023 2024 2089 2088
2024 2025 2090 2089
2025 2026 2091 2090
2026 2027 2092 2091
2027 2028 2093 2092
2028 2029 2094 2093
2029 2030 2095 2094
2030 2031 2096 2095
2031 2032 2097 2096
2032 2033 2098 2097
2033 2034 2099 2098
2034 2035 2100 2099
2035 2036 2101 2100
2036 2037 2102 2101
2037 2038 2103 2102
2038 2039 2104 2103
2039 2040 2105 2104
2040 2041 2106 2105
2041 2042 2107 2106
2042 2043 2108 2107
2043 2044 2109 2108
2044 2045 2110 2109
2045 2046 2111 2110
2046 2047 2112 2111
2047 2048 2113 2112
2048 2049 2114 2113
2049 2050 2115 2114
2050 2051 2116 2115
2051 2052 2117 2116
2052 2053 2118 2117
2053 2054 2119 2118
2054 2055 2120 2119
2055 2056 2121 2120
2056 2057 2122 2121
2057 2058 2123 2122
2058 2059 2124 2123
2059 2060 2125 2124
2060 2061 2126 2125
2061 2062 2127 2126
2062 2063 2128 2127
2063 2064 2129 2128
2064 2065 2130 2129
2065 2066 2131 2130
2066 2067 2132 2131
2067 2068 2133 2132
2068 2069 2134 2133
2069 2070 2135 2134
2070 2071 2136 2135
2071 2072 2137 2136
2072 2073 2138 2137
2073 2074 2139 2138
2074 2075 2140 2139
2075 2076 2141 2140
2076 2077 2142 2141
2077 2078 2143 2142
2078 2079 2144 2143
2080 2081 2146 2145
2081 2082 2147 2146
2082 2083 2148 2147
2083 2084 2149 2148
2084 2085 2150 2149
2085 2086 2151 2150
2086 2087 2152 2151
2087 2088 2153 2152
2088 2089 2154 2153
2089 2090 2155 2154
2090 2091 2156 2155
2091 2092 2157 2156
2092 2093 2158 2157
2093 2094 2159 2158
2094 2095 2160 2159
2095 2096 2161 2160
2096 2097 2162 2161
2097 2098 2163 2162
2098 2099 2164 2163
2099 2100 2165 2164
2100 2101 2166 2165
2101 2102 2167 2166
2102 2103 2168 2167
2103 2104 2169 2168
2104 2105 2170 2169
2105 2106 2171 2170
2106 2107 2172 2171
2107 2108 2173 2172
2108 2109 2174 2173
2109 2110 2175 2174
2110 2111 2176 2175
2111 2112 2177 2176
2112 2113 2178 2177
2113 2114 2179 2178
2114 2115 2180 2179
2115 2116 2181 2180
2116 2117 2182 2181
2117 2118 2183 2182
2118 2119 2184 2183
2119 2120 2185 2184
2120 2121 2186 2185
2121 2122 2187 2186
2122 2123 2188 2187
2123 2124 2189 2188
2124 2125 2190 2189
2125 2126 2191 2190
2126 2127 2192 2191
2127 2128 2193 2192
2128 2129 2194 2193
2129 2130 2195 2194
2130 2131 2196 2195
2131 2132 2197 2196
2132 2133 2198 2197
2133 2134 2199 2198
2134 2135 2200 2199
2135 2136 2201 2200
2136 2137 2202 2201
2137 2138 2203 2202
2138 2139 2204 2203
2139 2140 2205 2204
2140 2141 2206 2205
2141 2142 2207 2206
2142 2143 2208 2207
2143 2144 2209 2208
2145 2146 2211 2210
2146 2147 2212 2211
2147 2148 2213 2212
2148 2149 2214 2213
2149 2150 2215 2214
2150 2151 2216 2215
2151 2152 2217 2216
2152 2153 2218 2217
2153 2154 2219 2218
2154 2155 2220 2219
2155 2156 2221 2220
2156 2157 2222 2221
2157 2158 2223 2222
2158 2159 2224 2223
2159 2160 2225 2224
2160 2161 2226 2225
2161 2162 2227 2226
2162 2163 2228 2227
2163 2164 2229 2228
2164 2165 2230 2229
2165 2166 2231 2230
2166 2167 2232 2231
2167 2168 2233 2232
2168 2169 2234 2233
2169 2170 2235 2234
2170 2171 2236 2235
2171 2172 2237 2236
2172 2173 2238 2237
2173 2174 2239 2238
2174 2175 2240 2239
2175 2176 2241 2240
2176 2177 2242 2241
2177 2178 2243 2242
2178 2179 2244 2243
2179 2180 2245 2244
2180 2181 2246 2245
2181 2182 2247 2246
2182 2183 2248 2247
2183 2184 2249 2248
2184 2185 2250 2249
2185 2186 2251 2250
2186 2187 2252 2251
2187 2188 2253 2252
2188 2189 2254 2253
2189 2190 2255 2254
2190 2191 2256 2255
2191 2192 2257 2256
2192 2193 2258 2257
2193 2194 2259 2258
2194 2195 2260 2259
2195 2196 2261 2260
2196 2197 2262 2261
2197 2198 2263 2262
2198 2199 2264 2263
2199 2200 2265 2264
2200 2201 2266 2265
2201 2202 2267 2266
2202 2203 2268 2267
2203 2204 2269 2268
2204 2205 2270 2269
2205 2206 2271 2270
2206 2207 2272 2271
2207 2208 2273 2272
2208 2209 2274 2273
2210 2211 2276 2275
2211 2212 2277 2276
2212 2213 2278 2277
2213 2214 2279 2278
2214 2215 2280 2279
2215 2216 2281 2280
2216 2217 2282 2281
2217 2218 2283 2282
2218 2219 2284 2283
2219 2220 2285 2284
2220 2221 2286 2285
2221 2222 2287 2286
2222 2223 2288 2287
2223 2224 2289 2288
2224 2225 2290 2289
2225 2226 2291 2290
2226 2227 2292 2291
2227 2228 2293 2292
2228 2229 2294 2293
2229 2230 2295 2294
2230 2231 2296 2295
2231 2232 2297 2296
2232 2233 2298 2297
2233 2234 2299 2298
2234 2235 2300 2299
2235 2236 2301 2300
2236 2237 2302 2301
2237 2238 2303 2302
2238 2239 2304 2303
2239 2240 2305 2304
2240 2241 2306 2305
2241 2242 2307 2306
2242 2243 2308 2307
2243 2244 2309 2308
2244 2245 2310 2309
2245 2246 2311 2310
2246 2247 2312 2311
2247 2248 2313 2312
2248 2249 2314 2313
2249 2250 2315 2314
2250 2251 2316 2315
2251 2252 2317 2316
2252 2253 2318 2317
2253 2254 2319 2318
2254 2255 2320 2319
2255 2256 2321 2320
2256 2257 2322 2321
2257 2258 2323 2322
2258 2259 2324 2323
2259 2260 2325 2324
2260 2261 2326 2325
2261 2262 2327 2326
2262 2263 2328 2327
2263 2264 2329 2328
2264 2265 2330 2329
2265 2266 2331 2330
2266 2267 2332 2331
2267 2268 2333 2332
2268 2269 2334 2333
2269 2270 2335 2334
2270 2271 2336 2335
2271 2272 2337 2336
2272 2273 2338 2337
2273 2274 2339 2338
2275 2276 2341 2340
2276 2277 2342 2341
2277 2278 2343 2342
2278 2279 2344 2343
2279 2280 2345 2344
2280 2281 2346 2345
2281 2282 2347 2346
2282 2283 2348 2347
2283 2284 2349 2348
2284 2285 2350 2349
2285 2286 2351 2350
2286 2287 2352 2351
2287 2288 2353 2352
2288 2289 2354 2353
2289 2290 2355 2354
2290 2291 2356 2355
2291 2292 2357 2356
2292 2293 2358 2357
2293 2294 2359 2358
2294 2295 2360 2359
2295 2296 2361 2360
2296 2297 2362 2361
2297 2298 2363 2362
2298 2299 2364 2363
2299 2300 2365 2364
2300 2301 2366 2365
2301 2302 2367 2366
2302 2303 2368 2367
2303 2304 2369 2368
2304 2305 2370 2369
2305 2306 2371 2370
2306 2307 2372 2371
2307 2308 2373 2372
2308 2309 2374 2373
2309 2310 2375 2374
2310 2311 2376 2375
2311 2312 2377 2376
2312 2313 2378 2377
2313 2314 2379 2378
2314 2315 2380 2379
2315 2316 2381 2380
2316 2317 2382 2381
2317 2318 2383 2382
2318 2319 2384 2383
2319 2320 2385 2384
2320 2321 2386 2385
2321 2322 2387 2386
2322 2323 2388 2387
2323 2324 2389 2388
2324 2325 2390 2389
2325 2326 2391 2390
2326 2327 2392 2391
2327 2328 2393 2392
2328 2329 2394 2393
2329 2330 2395 2394
2330 2331 2396 2395
2331 2332 2397 2396
2332 2333 2398 2397
2333 2334 2399 2398
2334 2335 2400 2399
2335 2336 2401 2400
2336 2337 2402 2401
2337 2338 2403 2402
2338 2339 2404 2403
2340 2341 2406 2405
2341 2342 2407 2406
2342 2343 2408 2407
2343 2344 2409 2408
2344 2345 2410 2409
2345 2346 2411 2410
2346 2347 2412 2411
2347 2348 2413 2412
2348 2349 2414 2413
2349 2350 2415 2414
2350 2351 2416 2415
2351 2352 2417 2416
2352 2353 2418 2417
2353 2354 2419 2418
2354 2355 2420 2419
2355 2356 2421 2420
2356 2357 2422 2421
2357 2358 2423 2422
2358 2359 2424 2423
2359 2360 2425 2424
2360 2361 2426 2425
2361 2362 2427 2426
2362 2363 2428 2427
2363 2364 2429 2428
2364 2365 2430 2429
2365 2366 2431 2430
2366 2367 2432 2431
2367 2368 2433 2432
2368 2369 2434 2433
2369 2370 2435 2434
2370 2371 2436 2435
2371 2372 2437 2436
2372 2373 2438 2437
2373 2374 2439 2438
2374 2375 2440 2439
2375 2376 2441 2440
2376 2377 2442 2441
2377 2378 2443 2442
2378 2379 2444 2443
2379 2380 2445 2444
2380 2381 2446 2445
2381 2382 2447 2446
2382 2383 2448 2447
2383 2384 2449 2448
2384 2385 2450 2449
2385 2386 2451 2450
2386 2387 2452 2451
2387 2388 2453 2452
2388 2389 2454 2453
2389 2390 2455 2454
2390 2391 2456 2455
2391 2392 2457 2456
2392 2393 2458 2457
2393 2394 2459 2458
2394 2395 2460 2459
2395 2396 2461 2460
2396 2397 2462 2461
2397 2398 2463 2462
2398 2399 2464 2463
2399 2400 2465 2464
2400 2401 2466 2465
2401 2402 2467 2466
2402 2403 2468 2467
2403 2404 2469 2468
2405 2406 2471 2470
2406 2407 2472 2471
2407 2408 2473 2472
2408 2409 2474 2473
2409 2410 2475 2474
2410 2411 2476 2475
2411 2412 2477 2476
2412 2413 2478 2477
2413 2414 2479 2478
2414 2415 2480 2479
2415 2416 2481 2480
2416 2417 2482 2481
2417 2418 2483 2482
2418 2419 2484 2483
2419 2420 2485 2484
2420 2421 2486 2485
2421 2422 2487 2486
2422 2423 2488 2487
2423 2424 2489 2488
2424 2425 2490 2489
2425 2426 2491 2490
2426 2427 2492 2491
2427 2428 2493 2492
2428 2429 2494 2493
2429 2430 2495 2494
2430 2431 2496 2495
2431 2432 2497 2496
2432 2433 2498 2497
2433 2434 2499 2498
2434 2435 2500 2499
2435 2436 2501 2500
2436 2437 2502 2501
2437 2438 2503 2502
2438 2439 2504 2503
2439 2440 2505 2504
2440 2441 2506 2505
2441 2442 2507 2506
2442 2443 2508 2507
2443 2444 2509 2508
2444 2445 2510 2509
2445 2446 2511 2510
2446 2447 2512 2511
2447 2448 2513 2512
2448 2449 2514 2513
2449 2450 2515 2514
2450 2451 2516 2515
2451 2452 2517 2516
2452 2453 2518 2517
2453 2454 2519 2518
2454 2455 2520 2519
2455 2456 2521 2520
2456 2457 2522 2521
2457 2458 2523 2522
2458 2459 2524 2523
2459 2460 2525 2524
2460 2461 2526 2525
2461 2462 2527 2526
2462 2463 2528 2527
2463 2464 2529 2528
2464 2465 2530 2529
2465 2466 2531 2530
2466 2467 2532 2531
2467 2468 2533 2532
2468 2469 2534 2533
2470 2471 2536 2535
2471 2472 2537 2536
2472 2473 2538 2537
2473 2474 2539 2538
2474 2475 2540 2539
2475 2476 2541 2540
2476 2477 2542 2541
2477 2478 2543 2542
2478 2479 2544 2543
2479 2480 2545 2544
2480 2481 2546 2545
2481 2482 2547 2546
2482 2483 2548 2547
2483 2484 2549 2548
2484 2485 2550 2549
2485 2486 2551 2550
2486 2487 2552 2551
2487 2488 2553 2552
2488 2489 2554 2553
2489 2490 2555 2554
2490 2491 2556 2555
2491 2492 2557 2556
2492 2493 2558 2557
2493 2494 2559 2558
2494 2495 2560 2559
2495 2496 2561 2560
2496 2497 2562 2561
2497 2498 2563 2562
2498 2499 2564 2563
2499 2500 2565 2564
2500 2501 2566 2565
2501 2502 2567 2566
2502 2503 2568 2567
2503 2504 2569 2568
2504 2505 2570 2569
2505 2506 2571 2570
2506 2507 2572 2571
2507 2508 2573 2572
2508 2509 2574 2573
2509 2510 2575 2574
2510 2511 2576 2575
2511 2512 2577 2576
2512 2513 2578 2577
2513 2514 2579 2578
2514 2515 2580 2579
2515 2516 2581 2580
2516 2517 2582 2581
2517 2518 2583 2582
2518 2519 2584 2583
2519 2520 2585 2584
2520 2521 2586 2585
2521 2522 2587 2586
2522 2523 2588 2587
2523 2524 2589 2588
2524 2525 2590 2589
2525 2526 2591 2590
2526 2527 2592 2591
2527 2528 2593 2592
2528 2529 2594 2593
2529 2530 2595 2594
2530 2531 2596 2595
2531 2532 2597 2596
2532 2533 2598 2597
2533 2534 2599 2598
2535 2536 2601 2600
2536 2537 2602 2601
2537 2538 2603 2602
2538 2539 2604 2603
2539 2540 2605 2604
2540 2541 2606 2605
2541 2542 2607 2606
2542 2543 2608 2607
2543 2544 2609 2608
2544 2545 2610 2609
2545 2546 2611 2610
2546 2547 2612 2611
2547 2548 2613 2612
2548 2549 2614 2613
2549 2550 2615 2614
2550 2551 2616 2615
2551 2552 2617 2616
2552 2553 2618 2617
2553 2554 2619 2618
2554 2555 2620 2619
2555 2556 2621 2620
2556 2557 2622 2621
2557 2558 2623 2622
2558 2559 2624 2623
2559 2560 2625 2624
2560 2561 2626 2625
2561 2562 2627 2626
2562 2563 2628 2627
2563 2564 2629 2628
2564 2565 2630 2629
2565 2566 2631 2630
2566 2567 2632 2631
2567 2568 2633 2632
2568 2569 2634 2633
2569 2570 2635 2634
2570 2571 2636 2635
2571 2572 2637 2636
2572 2573 2638 2637
2573 2574 2639 2638
2574 2575 2640 2639
2575 2576 2641 2640
2576 2577 2642 2641
2577 2578 2643 2642
2578 2579 2644 2643
2579 2580 2645 2644
2580 2581 2646 2645
2581 2582 2647 2646
2582 2583 2648 2647
2583 2584 2649 2648
2584 2585 2650 2649
2585 2586 2651 2650
2586 2587 2652 2651
2587 2588 2653 2652
2588 2589 2654 2653
2589 2590 2655 2654
2590 2591 2656 2655
2591 2592 2657 2656
2592 2593 2658 2657
2593 2594 2659 2658
2594 2595 2660 2659
2595 2596 2661 2660
2596 2597 2662 2661
2597 2598 2663 2662
2598 2599 2664 2663
2600 2601 2666 2665
2601 2602 2667 2666
2602 2603 2668 2667
2603 2604 2669 2668
2604 2605 2670 2669
2605 2606 2671 2670
2606 2607 2672 2671
2607 2608 2673 2672
2608 2609 2674 2673
2609 2610 2675 2674
2610 2611 2676 2675
2611 2612 2677 2676
2612 2613 2678 2677
2613 2614 2679 2678
2614 2615 2680 2679
2615 2616 2681 2680
2616 2617 2682 2681
2617 2618 2683 2682
2618 2619 2684 2683
2619 2620 2685 2684
2620 2621 2686 2685
2621 2622 2687 2686
2622 2623 2688 2687
2623 2624 2689 2688
2624 2625 2690 2689
2625 2626 2691 2690
2626 2627 2692 2691
2627 2628 2693 2692
2628 2629 2694 2693
2629 2630 2695 2694
2630 2631 2696 2695
2631 2632 2697 2696
2632 2633 2698 2697
2633 2634 2699 2698
2634 2635 2700 2699
2635 2636 2701 2700
2636 2637 2702 2701
2637 2638 2703 2702
2638 2639 2704 2703
2639 2640 2705 2704
2640 2641 2706 2705
2641 2642 2707 2706
2642 2643 2708 2707
2643 2644 2709 2708
2644 2645 2710 2709
2645 2646 2711 2710
2646 2647 2712 2711
2647 2648 2713 2712
2648 2649 2714 2713
2649 2650 2715 2714
2650 2651 2716 2715
2651 2652 2717 2716
2652 2653 2718 2717
2653 2654 2719 2718
2654 2655 2720 2719
2655 2656 2721 2720
2656 2657 2722 2721
2657 2658 2723 2722
2658 2659 2724 2723
2659 2660 2725 2724
2660 2661 2726 2725
2661 2662 2727 2726
2662 2663 2728 2727
2663 2664 2729 2728
2665 2666 2731 2730
2666 2667 2732 2731
2667 2668 2733 2732
2668 2669 2734 2733
2669 2670 2735 2734
2670 2671 2736 2735
2671 2672 2737 2736
2672 2673 2738 2737
2673 2674 2739 2738
2674 2675 2740 2739
2675 2676 2741 2740
2676 2677 2742 2741
2677 2678 2743 2742
2678 2679 2744 2743
2679 2680 2745 2744
2680 2681 2746 2745
2681 2682 2747 2746
2682 2683 2748 2747
2683 2684 2749 2748
2684 2685 2750 2749
2685 2686 2751 2750
2686 2687 2752 2751
2687 2688 2753 2752
2688 2689 2754 2753
2689 2690 2755 2754
2690 2691 2756 2755
2691 2692 2757 2756
2692 2693 2758 2757
2693 2694 2759 2758
2694 2695 2760 2759
2695 2696 2761 2760
2696 2697 2762 2761
2697 2698 2763 2762
2698 2699 2764 2763
2699 2700 2765 2764
2700 2701 2766 2765
2701 2702 2767 2766
2702 2703 2768 2767
2703 2704 2769 2768
2704 2705 2770 2769
2705 2706 2771 2770
2706 2707 2772 2771
2707 2708 2773 2772
2708 2709 2774 2773
2709 2710 2775 2774
2710 2711 2776 2775
2711 2712 2777 2776
2712 2713 2778 2777
2713 2714 2779 2778
2714 2715 2780 2779
2715 2716 2781 2780
2716 2717 2782 2781
2717 2718 2783 2782
2718 2719 2784 2783
2719 2720 2785 2784
2720 2721 2786 2785
2721 2722 2787 2786
2722 2723 2788 2787
2723 2724 2789 2788
2724 2725 2790 2789
2725 2726 2791 2790
2726 2727 2792 2791
2727 2728 2793 2792
2728 2729 2794 2793
2730 2731 2796 2795
2731 2732 2797 2796
2732 2733 2798 2797
2733 2734 2799 2798
2734 2735 2800 2799
2735 2736 2801 2800
2736 2737 2802 2801
2737 2738 2803 2802
2738 2739 2804 2803
2739 2740 2805 2804
2740 2741 2806 2805
2741 2742 2807 2806
2742 2743 2808 2807
2743 2744 2809 2808
2744 2745 2810 2809
2745 2746 2811 2810
2746 2747 2812 2811
2747 2748 2813 2812
2748 2749 2814 2813
2749 2750 2815 2814
2750 2751 2816 2815
2751 2752 2817 2816
2752 2753 2818 2817
2753 2754 2819 2818
2754 2755 2820 2819
2755 2756 2821 2820
2756 2757 2822 2821
2757 2758 2823 2822
2758 2759 2824 2823
2759 2760 2825 2824
2760 2761 2826 2825
2761 2762 2827 2826
2762 2763 2828 2827
2763 2764 2829 2828
2764 2765 2830 2829
2765 2766 2831 2830
2766 2767 2832 2831
2767 2768 2833 2832
2768 2769 2834 2833
2769 2770 2835 2834
2770 2771 2836 2835
2771 2772 2837 2836
2772 2773 2838 2837
2773 2774 2839 2838
2774 2775 2840 2839
2775 2776 2841 2840
2776 2777 2842 2841
2777 2778 2843 2842
2778 2779 2844 2843
2779 2780 2845 2844
2780 2781 2846 2845
2781 2782 2847 2846
2782 2783 2848 2847
2783 2784 2849 2848
2784 2785 2850 2849
2785 2786 2851 2850
2786 2787 2852 2851
2787 2788 2853 2852
2788 2789 2854 2853
2789 2790 2855 2854
2790 2791 2856 2855
2791 2792 2857 2856
2792 2793 2858 2857
2793 2794 2859 2858
2795 2796 2861 2860
2796 2797 2862 2861
2797 2798 2863 2862
2798 2799 2864 2863
2799 2800 2865 2864
2800 2801 2866 2865
2801 2802 2867 2866
2802 2803 2868 2867
2803 2804 2869 2868
2804 2805 2870 2869
2805 2806 2871 2870
2806 2807 2872 2871
2807 2808 2873 2872
2808 2809 2874 2873
2809 2810 2875 2874
2810 2811 2876 2875
2811 2812 2877 2876
2812 2813 2878 2877
2813 2814 2879 2878
2814 2815 2880 2879
2815 2816 2881 2880
2816 2817 2882 2881
2817 2818 2883 2882
2818 2819 2884 2883
2819 2820 2885 2884
2820 2821 2886 2885
2821 2822 2887 2886
2822 2823 2888 2887
2823 2824 2889 2888
2824 2825 2890 2889
2825 2826 2891 2890
2826 2827 2892 2891
2827 2828 2893 2892
2828 2829 2894 2893
2829 2830 2895 2894
2830 2831 2896 2895
2831 2832 2897 2896
2832 2833 2898 2897
2833 2834 2899 2898
2834 2835 2900 2899
2835 2836 2901 2900
2836 2837 2902 2901
2837 2838 2903 2902
2838 2839 2904 2903
2839 2840 2905 2904
2840 2841 2906 2905
2841 2842 2907 2906
2842 2843 2908 2907
2843 2844 2909 2908
2844 2845 2910 2909
2845 2846 2911 2910
2846 2847 2912 2911
2847 2848 2913 2912
2848 2849 2914 2913
2849 2850 2915 2914
2850 2851 2916 2915
2851 2852 2917 2916
2852 2853 2918 2917
2853 2854 2919 2918
2854 2855 2920 2919
2855 2856 2921 2920
2856 2857 2922 2921
2857 2858 2923 2922
2858 2859 2924 2923
2860 2861 2926 2925
2861 2862 2927 2926
2862 2863 2928 2927
2863 2864 2929 2928
2864 2865 2930 2929
2865 2866 2931 2930
2866 2867 2932 2931
2867 2868 2933 2932
2868 2869 2934 2933
2869 2870 2935 2934
2870 2871 2936 2935
2871 2872 2937 2936
2872 2873 2938 2937
2873 2874 2939 2938
2874 2875 2940 2939
2875 2876 2941 2940
2876 2877 2942 2941
2877 2878 2943 2942
2878 2879 2944 2943
2879 2880 2945 2944
2880 2881 2946 2945
2881 2882 2947 2946
2882 2883 2948 2947
2883 2884 2949 2948
2884 2885 2950 2949
2885 2886 2951 2950
2886 2887 2952 2951
2887 2888 2953 2952
2888 2889 2954 2953
2889 2890 2955 2954
2890 2891 2956 2955
2891 2892 2957 2956
2892 2893 2958 2957
2893 2894 2959 2958
2894 2895 2960 2959
2895 2896 2961 2960
2896 2897 2962 2961
2897 2898 2963 2962
2898 2899 2964 2963
2899 2900 2965 2964
2900 2901 2966 2965
2901 2902 2967 2966
2902 2903 2968 2967
2903 2904 2969 2968
2904 2905 2970 2969
2905 2906 2971 2970
2906 2907 2972 2971
2907 2908 2973 2972
2908 2909 2974 2973
2909 2910 2975 2974
2910 2911 2976 2975
2911 2912 2977 2976
2912 2913 2978 2977
2913 2914 2979 2978
2914 2915 2980 2979
2915 2916 2981 2980
2916 2917 2982 2981
2917 2918 2983 2982
2918 2919 2984 2983
2919 2920 2985 2984
2920 2921 2986 2985
2921 2922 2987 2986
2922 2923 2988 2987
2923 2924 2989 2988
2925 2926 2991 2990
2926 2927 2992 2991
2927 2928 2993 2992
2928 2929 2994 2993
2929 2930 2995 2994
2930 2931 2996 2995
2931 2932 2997 2996
2932 2933 2998 2997
2933 2934 2999 2998
2934 2935 3000 2999
2935 2936 3001 3000
2936 2937 3002 3001
2937 2938 3003 3002
2938 2939 3004 3003
2939 2940 3005 3004
2940 2941 3006 3005
2941 2942 3007 3006
2942 2943 3008 3007
2943 2944 3009 3008
2944 2945 3010 3009
2945 2946 3011 3010
2946 2947 3012 3011
2947 2948 3013 3012
2948 2949 3014 3013
2949 2950 3015 3014
2950 2951 3016 3015
2951 2952 3017 3016
2952 2953 3018 3017
2953 2954 3019 3018
2954 2955 3020 3019
2955 2956 3021 3020
2956 2957 3022 3021
2957 2958 3023 3022
2958 2959 3024 3023
2959 2960 3025 3024
2960 2961 3026 3025
2961 2962 3027 3026
2962 2963 3028 3027
2963 2964 3029 3028
2964 2965 3030 3029
2965 2966 3031 3030
2966 2967 3032 3031
2967 2968 3033 3032
2968 2969 3034 3033
2969 2970 3035 3034
2970 2971 3036 3035
2971 2972 3037 3036
2972 2973 3038 3037
2973 2974 3039 3038
2974 2975 3040 3039
2975 2976 3041 3040
2976 2977 3042 3041
2977 2978 3043 3042
2978 2979 3044 3043
2979 2980 3045 3044
2980 2981 3046 3045
2981 2982 3047 3046
2982 2983 3048 3047
2983 2984 3049 3048
2984 2985 3050 3049
2985 2986 3051 3050
2986 2987 3052 3051
2987 2988 3053 3052
2988 2989 3054 3053
2990 2991 3056 3055
2991 2992 3057 3056
2992 2993 3058 3057
2993 2994 3059 3058
2994 2995 3060 3059
2995 2996 3061 3060
2996 2997 3062 3061
2997 2998 3063 3062
2998 2999 3064 3063
2999 3000 3065 3064
3000 3001 3066 3065
3001 3002 3067 3066
3002 3003 3068 3067
3003 3004 3069 3068
3004 3005 3070 3069
3005 3006 3071 3070
3006 3007 3072 3071
3007 3008 3073 3072
3008 3009 3074 3073
3009 3010 3075 3074
3010 3011 3076 3075
3011 3012 3077 3076
3012 3013 3078 3077
3013 3014 3079 3078
3014 3015 3080 3079
3015 3016 3081 3080
3016 3017 3082 3081
3017 3018 3083 3082
3018 3019 3084 3083
3019 3020 3085 3084
3020 3021 3086 3085
3021 3022 3087 3086
3022 3023 3088 3087
3023 3024 3089 3088
3024 3025 3090 3089
3025 3026 3091 3090
3026 3027 3092 3091
3027 3028 3093 3092
3028 3029 3094 3093
3029 3030 3095 3094
3030 3031 3096 3095
3031 3032 3097 3096
3032 3033 3098 3097
3033 3034 3099 3098
3034 3035 3100 3099
3035 3036 3101 3100
3036 3037 3102 3101
3037 3038 3103 3102
3038 3039 3104 3103
3039 3040 3105 3104
3040 3041 3106 3105
3041 3042 3107 3106
3042 3043 3108 3107
3043 3044 3109 3108
3044 3045 3110 3109
3045 3046 3111 3110
3046 3047 3112 3111
3047 3048 3113 3112
3048 3049 3114 3113
3049 3050 3115 3114
3050 3051 3116 3115
3051 3052 3117 3116
3052 3053 3118 3117
3053 3054 3119 3118
3055 3056 3121 3120
3056 3057 3122 3121
3057 3058 3123 3122
3058 3059 3124 3123
3059 3060 3125 3124
3060 3061 3126 3125
3061 3062 3127 3126
3062 3063 3128 3127
3063 3064 3129 3128
3064 3065 3130 3129
3065 3066 3131 3130
3066 3067 3132 3131
3067 3068 3133 3132
3068 3069 3134 3133
3069 3070 3135 3134
3070 3071 3136 3135
3071 3072 3137 3136
3072 3073 3138 3137
3073 3074 3139 3138
3074 3075 3140 3139
3075 3076 3141 3140
3076 3077 3142 3141
3077 3078 3143 3142
3078 3079 3144 3143
3079 3080 3145 3144
3080 3081 3146 3145
3081 3082 3147 3146
3082 3083 3148 3147
3083 3084 3149 3148
3084 3085 3150 3149
3085 3086 3151 3150
3086 3087 3152 3151
3087 3088 3153 3152
3088 3089 3154 3153
3089 3090 3155 3154
3090 3091 3156 3155
3091 3092 3157 3156
3092 3093 3158 3157
3093 3094 3159 3158
3094 3095 3160 3159
3095 3096 3161 3160
3096 3097 3162 3161
3097 3098 3163 3162
3098 3099 3164 3163
3099 3100 3165 3164
3100 3101 3166 3165
3101 3102 3167 3166
3102 3103 3168 3167
3103 3104 3169 3168
3104 3105 3170 3169
3105 3106 3171 3170
3106 3107 3172 3171
3107 3108 3173 3172
3108 3109 3174 3173
3109 3110 3175 3174
3110 3111 3176 3175
3111 3112 3177 3176
3112 3113 3178 3177
3113 3114 3179 3178
3114 3115 3180 3179
3115 3116 3181 3180
3116 3117 3182 3181
3117 3118 3183 3182
3118 3119 3184 3183
3120 3121 3186 3185
3121 3122 3187 3186
3122 3123 3188 3187
3123 3124 3189 3188
3124 3125 3190 3189
3125 3126 3191 3190
3126 3127 3192 3191
3127 3128 3193 3192
3128 3129 3194 3193
3129 3130 3195 3194
3130 3131 3196 3195
3131 3132 3197 3196
3132 3133 3198 3197
3133 3134 3199 3198
3134 3135 3200 3199
3135 3136 3201 3200
3136 3137 3202 3201
3137 3138 3203 3202
3138 3139 3204 3203
3139 3140 3205 3204
3140 3141 3206 3205
3141 3142 3207 3206
3142 3143 3208 3207
3143 3144 3209 3208
3144 3145 3210 3209
3145 3146 3211 3210
3146 3147 3212 3211
3147 3148 3213 3212
3148 3149 3214 3213
3149 3150 3215 3214
3150 3151 3216 3215
3151 3152 3217 3216
3152 3153 3218 3217
3153 3154 3219 3218
3154 3155 3220 3219
3155 3156 3221 3220
3156 3157 3222 3221
3157 3158 3223 3222
3158 3159 3224 3223
3159 3160 3225 3224
3160 3161 3226 3225
3161 3162 3227 3226
3162 3163 3228 3227
3163 3164 3229 3228
3164 3165 3230 3229
3165 3166 3231 3230
3166 3167 3232 3231
3167 3168 3233 3232
3168 3169 3234 3233
3169 3170 3235 3234
3170 3171 3236 3235
3171 3172 3237 3236
3172 3173 3238 3237
3173 3174 3239 3238
3174 3175 3240 3239
3175 3176 3241 3240
3176 3177 3242 3241
3177 3178 3243 3242
3178 3179 3244 3243
3179 3180 3245 3244
3180 3181 3246 3245
3181 3182 3247 3246
3182 3183 3248 3247
3183 3184 3249 3248
3185 3186 3251 3250
3186 3187 3252 3251
3187 3188 3253 3252
3188 3189 3254 3253
3189 3190 3255 3254
3190 3191 3256 3255
3191 3192 3257 3256
3192 3193 3258 3257
3193 3194 3259 3258
3194 3195 3260 3259
3195 3196 3261 3260
3196 3197 3262 3261
3197 3198 3263 3262
3198 3199 3264 3263
3199 3200 3265 3264
3200 3201 3266 3265
3201 3202 3267 3266
3202 3203 3268 3267
3203 3204 3269 3268
3204 3205 3270 3269
3205 3206 3271 3270
3206 3207 3272 3271
3207 3208 3273 3272
3208 3209 3274 3273
3209 3210 3275 3274
3210 3211 3276 3275
3211 3212 3277 3276
3212 3213 3278 3277
3213 3214 3279 3278
3214 3215 3280 3279
3215 3216 3281 3280
3216 3217 3282 3281
3217 3218 3283 3282
3218 3219 3284 3283
3219 3220 3285 3284
3220 3221 3286 3285
3221 3222 3287 3286
3222 3223 3288 3287
3223 3224 3289 3288
3224 3225 3290 3289
3225 3226 3291 3290
3226 3227 3292 3291
3227 3228 3293 3292
3228 3229 3294 3293
3229 3230 3295 3294
3230 3231 3296 3295
3231 3232 3297 3296
3232 3233 3298 3297
3233 3234 3299 3298
3234 3235 3300 3299
3235 3236 3301 3300
3236 3237 3302 3301
3237 3238 3303 3302
3238 3239 3304 3303
3239 3240 3305 3304
3240 3241 3306 3305
3241 3242 3307 3306
3242 3243 3308 3307
3243 3244 3309 3308
3244 3245 3310 3309
3245 3246 3311 3310
3246 3247 3312 3311
3247 3248 3313 3312
3248 3249 3314 3313
3250 3251 3316 3315
3251 3252 3317 3316
3252 3253 3318 3317
3253 3254 3319 3318
3254 3255 3320 3319
3255 3256 3321 3320
3256 3257 3322 3321
3257 3258 3323 3322
3258 3259 3324 3323
3259 3260 3325 3324
3260 3261 3326 3325
3261 3262 3327 3326
3262 3263 3328 3327
3263 3264 3329 3328
3264 3265 3330 3329
3265 3266 3331 3330
3266 3267 3332 3331
3267 3268 3333 3332
3268 3269 3334 3333
3269 3270 3335 3334
3270 3271 3336 3335
3271 3272 3337 3336
3272 3273 3338 3337
3273 3274 3339 3338
3274 3275 3340 3339
3275 3276 3341 3340
3276 3277 3342 3341
3277 3278 3343 3342
3278 3279 3344 3343
3279 3280 3345 3344
3280 3281 3346 3345
3281 3282 3347 3346
3282 3283 3348 3347
3283 3284 3349 3348
3284 3285 3350 3349
3285 3286 3351 3350
3286 3287 3352 3351
3287 3288 3353 3352
3288 3289 3354 3353
3289 3290 3355 3354
3290 3291 3356 3355
3291 3292 3357 3356
3292 3293 3358 3357
3293 3294 3359 3358
3294 3295 3360 3359
3295 3296 3361 3360
3296 3297 3362 3361
3297 3298 3363 3362
3298 3299 3364 3363
3299 3300 3365 3364
3300 3301 3366 3365
3301 3302 3367 3366
3302 3303 3368 3367
3303 3304 3369 3368
3304 3305 3370 3369
3305 3306 3371 3370
3306 3307 3372 3371
3307 3308 3373 3372
3308 3309 3374 3373
3309 3310 3375 3374
3310 3311 3376 3375
3311 3312 3377 3376
3312 3313 3378 3377
3313 3314 3379 3378
3315 3316 3381 3380
3316 3317 3382 3381
3317 3318 3383 3382
3318 3319 3384 3383
3319 3320 3385 3384
3320 3321 3386 3385
3321 3322 3387 3386
3322 3323 3388 3387
3323 3324 3389 3388
3324 3325 3390 3389
3325 3326 3391 3390
3326 3327 3392 3391
3327 3328 3393 3392
3328 3329 3394 3393
3329 3330 3395 3394
3330 3331 3396 3395
3331 3332 3397 3396
3332 3333 3398 3397
3333 3334 3399 3398
3334 3335 3400 3399
3335 3336 3401 3400
3336 3337 3402 3401
3337 3338 3403 3402
3338 3339 3404 3403
3339 3340 3405 3404
3340 3341 3406 3405
3341 3342 3407 3406
3342 3343 3408 3407
3343 3344 3409 3408
3344 3345 3410 3409
3345 3346 3411 3410
3346 3347 3412 3411
3347 3348 3413 3412
3348 3349 3414 3413
3349 3350 3415 3414
3350 3351 3416 3415
3351 3352 3417 3416
3352 3353 3418 3417
3353 3354 3419 3418
3354 3355 3420 3419
3355 3356 3421 3420
3356 3357 3422 3421
3357 3358 3423 3422
3358 3359 3424 3423
3359 3360 3425 3424
3360 3361 3426 3425
3361 3362 3427 3426
3362 3363 3428 3427
3363 3364 3429 3428
3364 3365 3430 3429
3365 3366 3431 3430
3366 3367 3432 3431
3367 3368 3433 3432
3368 3369 3434 3433
3369 3370 3435 3434
3370 3371 3436 3435
3371 3372 3437 3436
3372 3373 3438 3437
3373 3374 3439 3438
3374 3375 3440 3439
3375 3376 3441 3440
3376 3377 3442 3441
3377 3378 3443 3442
3378 3379 3444 3443
3380 3381 3446 3445
3381 3382 3447 3446
3382 3383 3448 3447
3383 3384 3449 3448
3384 3385 3450 3449
3385 3386 3451 3450
3386 3387 3452 3451
3387 3388 3453 3452
3388 3389 3454 3453
3389 3390 3455 3454
3390 3391 3456 3455
3391 3392 3457 3456
3392 3393 3458 3457
3393 3394 3459 3458
3394 3395 3460 3459
3395 3396 3461 3460
3396 3397 3462 3461
3397 3398 3463 3462
3398 3399 3464 3463
3399 3400 3465 3464
3400 3401 3466 3465
3401 3402 3467 3466
3402 3403 3468 3467
3403 3404 3469 3468
3404 3405 3470 3469
3405 3406 3471 3470
3406 3407 3472 3471
3407 3408 3473 3472
3408 3409 3474 3473
3409 3410 3475 3474
3410 3411 3476 3475
3411 3412 3477 3476
3412 3413 3478 3477
3413 3414 3479 3478
3414 3415 3480 3479
3415 3416 3481 3480
3416 3417 3482 3481
3417 3418 3483 3482
3418 3419 3484 3483
3419 3420 3485 3484
3420 3421 3486 3485
3421 3422 3487 3486
3422 3423 3488 3487
3423 3424 3489 3488
3424 3425 3490 3489
3425 3426 3491 3490
3426 3427 3492 3491
3427 3428 3493 3492
3428 3429 3494 3493
3429 3430 3495 3494
3430 3431 3496 3495
3431 3432 3497 3496
3432 3433 3498 3497
3433 3434 3499 3498
3434 3435 3500 3499
3435 3436 3501 3500
3436 3437 3502 3501
3437 3438 3503 3502
3438 3439 3504 3503
3439 3440 3505 3504
3440 3441 3506 3505
3441 3442 3507 3506
3442 3443 3508 3507
3443 3444 3509 3508
3445 3446 3511 3510
3446 3447 3512 3511
3447 3448 3513 3512
3448 3449 3514 3513
3449 3450 3515 3514
3450 3451 3516 3515
3451 3452 3517 3516
3452 3453 3518 3517
3453 3454 3519 3518
3454 3455 3520 3519
3455 3456 3521 3520
3456 3457 3522 3521
3457 3458 3523 3522
3458 3459 3524 3523
3459 3460 3525 3524
3460 3461 3526 3525
3461 3462 3527 3526
3462 3463 3528 3527
3463 3464 3529 3528
3464 3465 3530 3529
3465 3466 3531 3530
3466 3467 3532 3531
3467 3468 3533 3532
3468 3469 3534 3533
3469 3470 3535 3534
3470 3471 3536 3535
3471 3472 3537 3536
3472 3473 3538 3537
3473 3474 3539 3538
3474 3475 3540 3539
3475 3476 3541 3540
3476 3477 3542 3541
3477 3478 3543 3542
3478 3479 3544 3543
3479 3480 3545 3544
3480 3481 3546 3545
3481 3482 3547 3546
3482 3483 3548 3547
3483 3484 3549 3548
3484 3485 3550 3549
3485 3486 3551 3550
3486 3487 3552 3551
3487 3488 3553 3552
3488 3489 3554 3553
3489 3490 3555 3554
3490 3491 3556 3555
3491 3492 3557 3556
3492 3493 3558 3557
3493 3494 3559 3558
3494 3495 3560 3559
3495 3496 3561 3560
3496 3497 3562 3561
3497 3498 3563 3562
3498 3499 3564 3563
3499 3500 3565 3564
3500 3501 3566 3565
3501 3502 3567 3566
3502 3503 3568 3567
3503 3504 3569 3568
3504 3505 3570 3569
3505 3506 3571 3570
3506 3507 3572 3571
3507 3508 3573 3572
3508 3509 3574 3573
3510 3511 3576 3575
3511 3512 3577 3576
3512 3513 3578 3577
3513 3514 3579 3578
3514 3515 3580 3579
3515 3516 3581 3580
3516 3517 3582 3581
3517 3518 3583 3582
3518 3519 3584 3583
3519 3520 3585 3584
3520 3521 3586 3585
3521 3522 3587 3586
3522 3523 3588 3587
3523 3524 3589 3588
3524 3525 3590 3589
3525 3526 3591 3590
3526 3527 3592 3591
3527 3528 3593 3592
3528 3529 3594 3593
3529 3530 3595 3594
3530 3531 3596 3595
3531 3532 3597 3596
3532 3533 3598 3597
3533 3534 3599 3598
3534 3535 3600 3599
3535 3536 3601 3600
3536 3537 3602 3601
3537 3538 3603 3602
3538 3539 3604 3603
3539 3540 3605 3604
3540 3541 3606 3605
3541 3542 3607 3606
3542 3543 3608 3607
3543 3544 3609 3608
3544 3545 3610 3609
3545 3546 3611 3610
3546 3547 3612 3611
3547 3548 3613 3612
3548 3549 3614 3613
3549 3550 3615 3614
3550 3551 3616 3615
3551 3552 3617 3616
3552 3553 3618 3617
3553 3554 3619 3618
3554 3555 3620 3619
3555 3556 3621 3620
3556 3557 3622 3621
3557 3558 3623 3622
3558 3559 3624 3623
3559 3560 3625 3624
3560 3561 3626 3625
3561 3562 3627 3626
3562 3563 3628 3627
3563 3564 3629 3628
3564 3565 3630 3629
3565 3566 3631 3630
3566 3567 3632 3631
3567 3568 3633 3632
3568 3569 3634 3633
3569 3570 3635 3634
3570 3571 3636 3635
3571 3572 3637 3636
3572 3573 3638 3637
3573 3574 3639 3638
3575 3576 3641 3640
3576 3577 3642 3641
3577 3578 3643 3642
3578 3579 3644 3643
3579 3580 3645 3644
3580 3581 3646 3645
3581 3582 3647 3646
3582 3583 3648 3647
3583 3584 3649 3648
3584 3585 3650 3649
3585 3586 3651 3650
3586 3587 3652 3651
3587 3588 3653 3652
3588 3589 3654 3653
3589 3590 3655 3654
3590 3591 3656 3655
3591 3592 3657 3656
3592 3593 3658 3657
3593 3594 3659 3658
3594 3595 3660 3659
3595 3596 3661 3660
3596 3597 3662 3661
3597 3598 3663 3662
3598 3599 3664 3663
3599 3600 3665 3664
3600 3601 3666 3665
3601 3602 3667 3666
3602 3603 3668 3667
3603 3604 3669 3668
3604 3605 3670 3669
3605 3606 3671 3670
3606 3607 3672 3671
3607 3608 3673 3672
3608 3609 3674 3673
3609 3610 3675 3674
3610 3611 3676 3675
3611 3612 3677 3676
3612 3613 3678 3677
3613 3614 3679 3678
3614 3615 3680 3679
3615 3616 3681 3680
3616 3617 3682 3681
3617 3618 3683 3682
3618 3619 3684 3683
3619 3620 3685 3684
3620 3621 3686 3685
3621 3622 3687 3686
3622 3623 3688 3687
3623 3624 3689 3688
3624 3625 3690 3689
3625 3626 3691 3690
3626 3627 3692 3691
3627 3628 3693 3692
3628 3629 3694 3693
3629 3630 3695 3694
3630 3631 3696 3695
3631 3632 3697 3696
3632 3633 3698 3697
3633 3634 3699 3698
3634 3635 3700 3699
3635 3636 3701 3700
3636 3637 3702 3701
3637 3638 3703 3702
3638 3639 3704 3703
3640 3641 3706 3705
3641 3642 3707 3706
3642 3643 3708 3707
3643 3644 3709 3708
3644 3645 3710 3709
3645 3646 3711 3710
3646 3647 3712 3711
3647 3648 3713 3712
3648 3649 3714 3713
3649 3650 3715 3714
3650 3651 3716 3715
3651 3652 3717 3716
3652 3653 3718 3717
3653 3654 3719 3718
3654 3655 3720 3719
3655 3656 3721 3720
3656 3657 3722 3721
3657 3658 3723 3722
3658 3659 3724 3723
3659 3660 3725 3724
3660 3661 3726 3725
3661 3662 3727 3726
3662 3663 3728 3727
3663 3664 3729 3728
3664 3665 3730 3729
3665 3666 3731 3730
3666 3667 3732 3731
3667 3668 3733 3732
3668 3669 3734 3733
3669 3670 3735 3734
3670 3671 3736 3735
3671 3672 3737 3736
3672 3673 3738 3737
3673 3674 3739 3738
3674 3675 3740 3739
3675 3676 3741 3740
3676 3677 3742 3741
3677 3678 3743 3742
3678 3679 3744 3743
3679 3680 3745 3744
3680 3681 3746 3745
3681 3682 3747 3746
3682 3683 3748 3747
3683 3684 3749 3748
3684 3685 3750 3749
3685 3686 3751 3750
3686 3687 3752 3751
3687 3688 3753 3752
3688 3689 3754 3753
3689 3690 3755 3754
3690 3691 3756 3755
3691 3692 3757 3756
3692 3693 3758 3757
3693 3694 3759 3758
3694 3695 3760 3759
3695 3696 3761 3760
3696 3697 3762 3761
3697 3698 3763 3762
3698 3699 3764 3763
3699 3700 3765 3764
3700 3701 3766 3765
3701 3702 3767 3766
3702 3703 3768 3767
3703 3704 3769 3768
3705 3706 3771 3770
3706 3707 3772 3771
3707 3708 3773 3772
3708 3709 3774 3773
3709 3710 3775 3774
3710 3711 3776 3775
3711 3712 3777 3776
3712 3713 3778 3777
3713 3714 3779 3778
3714 3715 3780 3779
3715 3716 3781 3780
3716 3717 3782 3781
3717 3718 3783 3782
3718 3719 3784 3783
3719 3720 3785 3784
3720 3721 3786 3785
3721 3722 3787 3786
3722 3723 3788 3787
3723 3724 3789 3788
3724 3725 3790 3789
3725 3726 3791 3790
3726 3727 3792 3791
3727 3728 3793 3792
3728 3729 3794 3793
3729 3730 3795 3794
3730 3731 3796 3795
3731 3732 3797 3796
3732 3733 3798 3797
3733 3734 3799 3798
3734 3735 3800 3799
3735 3736 3801 3800
3736 3737 3802 3801
3737 3738 3803 3802
3738 3739 3804 3803
3739 3740 3805 3804
3740 3741 3806 3805
3741 3742 3807 3806
3742 3743 3808 3807
3743 3744 3809 3808
3744 3745 3810 3809
3745 3746 3811 3810
3746 3747 3812 3811
3747 3748 3813 3812
3748 3749 3814 3813
3749 3750 3815 3814
3750 3751 3816 3815
3751 3752 3817 3816
3752 3753 3818 3817
3753 3754 3819 3818
3754 3755 3820 3819
3755 3756 3821 3820
3756 3757 3822 3821
3757 3758 3823 3822
3758 3759 3824 3823
3759 3760 3825 3824
3760 3761 3826 3825
3761 3762 3827 3826
3762 3763 3828 3827
3763 3764 3829 3828
3764 3765 3830 3829
3765 3766 3831 3830
3766 3767 3832 3831
3767 3768 3833 3832
3768 3769 3834 3833
3770 3771 3836 3835
3771 3772 3837 3836
3772 3773 3838 3837
3773 3774 3839 3838
3774 3775 3840 3839
3775 3776 3841 3840
3776 3777 3842 3841
3777 3778 3843 3842
3778 3779 3844 3843
3779 3780 3845 3844
3780 3781 3846 3845
3781 3782 3847 3846
3782 3783 3848 3847
3783 3784 3849 3848
3784 3785 3850 3849
3785 3786 3851 3850
3786 3787 3852 3851
3787 3788 3853 3852
3788 3789 3854 3853
3789 3790 3855 3854
3790 3791 3856 3855
3791 3792 3857 3856
3792 3793 3858 3857
3793 3794 3859 3858
3794 3795 3860 3859
3795 3796 3861 3860
3796 3797 3862 3861
3797 3798 3863 3862
3798 3799 3864 3863
3799 3800 3865 3864
3800 3801 3866 3865
3801 3802 3867 3866
3802 3803 3868 3867
3803 3804 3869 3868
3804 3805 3870 3869
3805 3806 3871 3870
3806 3807 3872 3871
3807 3808 3873 3872
3808 3809 3874 3873
3809 3810 3875 3874
3810 3811 3876 3875
3811 3812 3877 3876
3812 3813 3878 3877
3813 3814 3879 3878
3814 3815 3880 3879
3815 3816 3881 3880
3816 3817 3882 3881
3817 3818 3883 3882
3818 3819 3884 3883
3819 3820 3885 3884
3820 3821 3886 3885
3821 3822 3887 3886
3822 3823 3888 3887
3823 3824 3889 3888
3824 3825 3890 3889
3825 3826 3891 3890
3826 3827 3892 3891
3827 3828 3893 3892
3828 3829 3894 3893
3829 3830 3895 3894
3830 3831 3896 3895
3831 3832 3897 3896
3832 3833 3898 3897
3833 3834 3899 3898
3835 3836 3901 3900
3836 3837 3902 3901
3837 3838 3903 3902
3838 3839 3904 3903
3839 3840 3905 3904
3840 3841 3906 3905
3841 3842 3907 3906
3842 3843 3908 3907
3843 3844 3909 3908
3844 3845 3910 3909
3845 3846 3911 3910
3846 3847 3912 3911
3847 3848 3913 3912
3848 3849 3914 3913
3849 3850 3915 3914
3850 3851 3916 3915
3851 3852 3917 3916
3852 3853 3918 3917
3853 3854 3919 3918
3854 3855 3920 3919
3855 3856 3921 3920
3856 3857 3922 3921
3857 3858 3923 3922
3858 3859 3924 3923
3859 3860 3925 3924
3860 3861 3926 3925
3861 3862 3927 3926
3862 3863 3928 3927
3863 3864 3929 3928
3864 3865 3930 3929
3865 3866 3931 3930
3866 3867 3932 3931
3867 3868 3933 3932
3868 3869 3934 3933
3869 3870 3935 3934
3870 3871 3936 3935
3871 3872 3937 3936
3872 3873 3938 3937
3873 3874 3939 3938
3874 3875 3940 3939
3875 3876 3941 3940
3876 3877 3942 3941
3877 3878 3943 3942
3878 3879 3944 3943
3879 3880 3945 3944
3880 3881 3946 3945
3881 3882 3947 3946
3882 3883 3948 3947
3883 3884 3949 3948
3884 3885 3950 3949
3885 3886 3951 3950
3886 3887 3952 3951
3887 3888 3953 3952
3888 3889 3954 3953
3889 3890 3955 3954
3890 3891 3956 3955
3891 3892 3957 3956
3892 3893 3958 3957
3893 3894 3959 3958
3894 3895 3960 3959
3895 3896 3961 3960
3896 3897 3962 3961
3897 3898 3963 3962
3898 3899 3964 3963
3900 3901 3966 3965
3901 3902 3967 3966
3902 3903 3968 3967
3903 3904 3969 3968
3904 3905 3970 3969
3905 3906 3971 3970
3906 3907 3972 3971
3907 3908 3973 3972
3908 3909 3974 3973
3909 3910 3975 3974
3910 3911 3976 3975
3911 3912 3977 3976
3912 3913 3978 3977
3913 3914 3979 3978
3914 3915 3980 3979
3915 3916 3981 3980
3916 3917 3982 3981
3917 3918 3983 3982
3918 3919 3984 3983
3919 3920 3985 3984
3920 3921 3986 3985
3921 3922 3987 3986
3922 3923 3988 3987
3923 3924 3989 3988
3924 3925 3990 3989
3925 3926 3991 3990
3926 3927 3992 3991
3927 3928 3993 3992
3928 3929 3994 3993
3929 3930 3995 3994
3930 3931 3996 3995
3931 3932 3997 3996
3932 3933 3998 3997
3933 3934 3999 3998
3934 3935 4000 3999
3935 3936 4001 4000
3936 3937 4002 4001
3937 3938 4003 4002
3938 3939 4004 4003
3939 3940 4005 4004
3940 3941 4006 4005
3941 3942 4007 4006
3942 3943 4008 4007
3943 3944 4009 4008
3944 3945 4010 4009
3945 3946 4011 4010
3946 3947 4012 4011
3947 3948 4013 4012
3948 3949 4014 4013
3949 3950 4015 4014
3950 3951 4016 4015
3951 3952 4017 4016
3952 3953 4018 4017
3953 3954 4019 4018
3954 3955 4020 4019
3955 3956 4021 4020
3956 3957 4022 4021
3957 3958 4023 4022
3958 3959 4024 4023
3959 3960 4025 4024
3960 3961 4026 4025
3961 3962 4027 4026
3962 3963 4028 4027
3963 3964 4029 4028
3965 3966 4031 4030
3966 3967 4032 4031
3967 3968 4033 4032
3968 3969 4034 4033
3969 3970 4035 4034
3970 3971 4036 4035
3971 3972 4037 4036
3972 3973 4038 4037
3973 3974 4039 4038
3974 3975 4040 4039
3975 3976 4041 4040
3976 3977 4042 4041
3977 3978 4043 4042
3978 3979 4044 4043
3979 3980 4045 4044
3980 3981 4046 4045
3981 3982 4047 4046
3982 3983 4048 4047
3983 3984 4049 4048
3984 3985 4050 4049
3985 3986 4051 4050
3986 3987 4052 4051
3987 3988 4053 4052
3988 3989 4054 4053
3989 3990 4055 4054
3990 3991 4056 4055
3991 3992 4057 4056
3992 3993 4058 4057
3993 3994 4059 4058
3994 3995 4060 4059
3995 3996 4061 4060
3996 3997 4062 4061
3997 3998 4063 4062
3998 3999 4064 4063
3999 4000 4065 4064
4000 4001 4066 4065
4001 4002 4067 4066
4002 4003 4068 4067
4003 4004 4069 4068
4004 4005 4070 4069
4005 4006 4071 4070
4006 4007 4072 4071
4007 4008 4073 4072
4008 4009 4074 4073
4009 4010 4075 4074
4010 4011 4076 4075
4011 4012 4077 4076
4012 4013 4078 4077
4013 4014 4079 4078
4014 4015 4080 4079
4015 4016 4081 4080
4016 4017 4082 4081
4017 4018 4083 4082
4018 4019 4084 4083
4019 4020 4085 4084
4020 4021 4086 4085
4021 4022 4087 4086
4022 4023 4088 4087
4023 4024 4089 4088
4024 4025 4090 4089
4025 4026 4091 4090
4026 4027 4092 4091
4027 4028 4093 4092
4028 4029 4094 4093
4030 4031 4096 4095
4031 4032 4097 4096
4032 4033 4098 4097
4033 4034 4099 4098
4034 4035 4100 4099
4035 4036 4101 4100
4036 4037 4102 4101
4037 4038 4103 4102
4038 4039 4104 4103
4039 4040 4105 4104
4040 4041 4106 4105
4041 4042 4107 4106
4042 4043 4108 4107
4043 4044 4109 4108
4044 4045 4110 4109
4045 4046 4111 4110
4046 4047 4112 4111
4047 4048 4113 4112
4048 4049 4114 4113
4049 4050 4115 4114
4050 4051 4116 4115
4051 4052 4117 4116
4052 4053 4118 4117
4053 4054 4119 4118
4054 4055 4120 4119
4055 4056 4121 4120
4056 4057 4122 4121
4057 4058 4123 4122
4058 4059 4124 4123
4059 4060 4125 4124
4060 4061 4126 4125
4061 4062 4127 4126
4062 4063 4128 4127
4063 4064 4129 4128
4064 4065 4130 4129
4065 4066 4131 4130
4066 4067 4132 4131
4067 4068 4133 4132
4068 4069 4134 4133
4069 4070 4135 4134
4070 4071 4136 4135
4071 4072 4137 4136
4072 4073 4138 4137
4073 4074 4139 4138
4074 4075 4140 4139
4075 4076 4141 4140
4076 4077 4142 4141
4077 4078 4143 4142
4078 4079 4144 4143
4079 4080 4145 4144
4080 4081 4146 4145
4081 4082 4147 4146
4082 4083 4148 4147
4083 4084 4149 4148
4084 4085 4150 4149
4085 4086 4151 4150
4086 4087 4152 4151
4087 4088 4153 4152
4088 4089 4154 4153
4089 4090 4155 4154
4090 4091 4156 4155
4091 4092 4157 4156
4092 4093 4158 4157
4093 4094 4159 4158
4095 4096 4161 4160
4096 4097 4162 4161
4097 4098 4163 4162
4098 4099 4164 4163
4099 4100 4165 4164
4100 4101 4166 4165
4101 4102 4167 4166
4102 4103 4168 4167
4103 4104 4169 4168
4104 4105 4170 4169
4105 4106 4171 4170
4106 4107 4172 4171
4107 4108 4173 4172
4108 4109 4174 4173
4109 4110 4175 4174
4110 4111 4176 4175
4111 4112 4177 4176
4112 4113 4178 4177
4113 4114 4179 4178
4114 4115 4180 4179
4115 4116 4181 4180
4116 4117 4182 4181
4117 4118 4183 4182
4118 4119 4184 4183
4119 4120 4185 4184
4120 4121 4186 4185
4121 4122 4187 4186
4122 4123 4188 4187
4123 4124 4189 4188
4124 4125 4190 4189
4125 4126 4191 4190
4126 4127 4192 4191
4127 4128 4193 4192
4128 4129 4194 4193
4129 4130 4195 4194
4130 4131 4196 4195
4131 4132 4197 4196
4132 4133 4198 4197
4133 4134 4199 4198
4134 4135 4200 4199
4135 4136 4201 4200
4136 4137 4202 4201
4137 4138 4203 4202
4138 4139 4204 4203
4139 4140 4205 4204
4140 4141 4206 4205
4141 4142 4207 4206
4142 4143 4208 4207
4143 4144 4209 4208
4144 4145 4210 4209
4145 4146 4211 4210
4146 4147 4212 4211
4147 4148 4213 4212
4148 4149 4214 4213
4149 4150 4215 4214
4150 4151 4216 4215
4151 4152 4217 4216
4152 4153 4218 4217
4153 4154 4219 4218
4154 4155 4220 4219
4155 4156 4221 4220
4156 4157 4222 4221
4157 4158 4223 4222
4158 4159 4224 4223
