9.905898667569236204e-01
9.858199057927368170e-01
9.715559602317866972e-01
9.479353996672927885e-01
9.151857030098043966e-01
8.736222677409346549e-01
8.236453724632091244e-01
7.657363219983028824e-01
7.004528121584993050e-01
6.284235588311520848e-01
5.503422431010009941e-01
4.669608307221127519e-01
3.790823302766154757e-01
2.875530597630742147e-01
1.932544960915222043e-01
9.709478597895393470e-02
-4.510281037539698445e-17
-9.709478597895410124e-02
-1.932544960915216770e-01
-2.875530597630745477e-01
-3.790823302766158642e-01
-4.669608307221133625e-01
-5.503422431010023264e-01
-6.284235588311508636e-01
-7.004528121585009703e-01
-7.657363219983042146e-01
-8.236453724632077922e-01
-8.736222677409353210e-01
-9.151857030098020651e-01
-9.479353996672966742e-01
-9.715559602317858090e-01
-9.858199057927379272e-01
-9.905898667569223992e-01
-9.858199057927332642e-01
-9.715559602317918042e-01
-9.479353996672883476e-01
-9.151857030098011769e-01
-8.736222677409286597e-01
-8.236453724632077922e-01
-7.657363219982997737e-01
-7.004528121584994160e-01
-6.284235588311559706e-01
-5.503422431009901139e-01
-4.669608307221475574e-01
-3.790823302764947389e-01
-2.875530597635331809e-01
-1.932544960898081032e-01
-9.709478598534911076e-02
2.386942726806395854e-11
9.709478588987385805e-02
1.932544964239740481e-01
2.875530585223471380e-01
3.790823349070728820e-01
4.669608134410213607e-01
5.503423075949183119e-01
6.284233181365719290e-01
7.004537104429029437e-01
7.657329695552607118e-01
8.236578839509888228e-01
8.735755742328763507e-01
9.153599655542545843e-01
9.472850429975372410e-01
9.739831243663810145e-01
9.767616059241410742e-01
