-1.679101353171743805e+00
9.822081996395075620e-01
4.655398562076668023e-01
9.774785987527697673e-01
-8.945253070418243690e-02
9.633353444551044920e-01
7.857987653501945224e-02
9.399146441730371615e-01
5.235243886764953669e-02
9.074420523604480593e-01
7.746981245408481043e-02
8.662302972678683766e-01
8.794821295943461292e-02
8.166762709017718613e-01
1.013022146881075031e-01
7.592572056320533447e-01
1.126831553673057346e-01
6.945260784433551215e-01
1.232461660725641117e-01
6.231062853678879243e-01
1.325506332548438970e-01
5.456856383285886292e-01
1.405977554762209702e-01
4.630097404070409040e-01
1.472857023017969391e-01
3.758748051395679468e-01
1.525565846047975960e-01
2.851199902769976369e-01
1.563578952636340835e-01
1.916193139979904814e-01
1.586534918000702121e-01
9.627323922546324186e-02
1.594211435870298843e-01
3.275977752958958433e-11
1.586534873212368801e-01
-9.627323893222308748e-02
1.563579120316398452e-01
-1.916193140454874322e-01
1.525565227373846811e-01
-2.851199905466873519e-01
1.472859323213218941e-01
-3.758748052629580783e-01
1.405968967307511253e-01
-4.630097403859384508e-01
1.325538369948374984e-01
-5.456856383441779368e-01
1.232342109712812328e-01
-6.231062857086213658e-01
1.127277719014765089e-01
-6.945260786473530512e-01
1.011357033689449514e-01
-7.592572058286566339e-01
8.856964196384849164e-02
-8.166762710027543060e-01
7.515060738451800892e-02
-8.662302973003428441e-01
6.100783044709310460e-02
-9.074420523696744567e-01
4.627751563605795454e-02
-9.399146443655927996e-01
3.110152214167921647e-02
-9.633353445705998830e-01
1.562600489372250115e-02
-9.774785987748983995e-01
-1.069923108443227022e-10
-9.822081998502272260e-01
-1.562600466220411682e-02
-9.774785988263616776e-01
-3.110152241721067176e-02
-9.633353446266814668e-01
-4.627751537663096770e-02
-9.399146444827042313e-01
-6.100783077271214327e-02
-9.074420523908433012e-01
-7.515060725823950738e-02
-8.662302972295231607e-01
-8.856964203420407411e-02
-8.166762710247581492e-01
-1.011357034975634284e-01
-7.592572058114614997e-01
-1.127277719496554559e-01
-6.945260787159579507e-01
-1.232342114794062193e-01
-6.231062855823642499e-01
-1.325538366822163749e-01
-5.456856385514087249e-01
-1.405968979533238072e-01
-4.630097401307435856e-01
-1.472859315853579099e-01
-3.758748051379083854e-01
-1.525565240002825229e-01
-2.851199904289658527e-01
-1.563579111757304463e-01
-1.916193141120972054e-01
-1.586534884724375427e-01
-9.627323943561331976e-02
-1.594211435215901196e-01
7.905183452283637280e-12
-1.586534918505912994e-01
9.627323884874608440e-02
-1.563578958377595807e-01
1.916193139158154091e-01
-1.525565846752115484e-01
2.851199905103872223e-01
-1.472857021881633366e-01
3.758748051121871825e-01
-1.405977556311486798e-01
4.630097402176909238e-01
-1.325506334909144213e-01
5.456856383930492882e-01
-1.232461662175431405e-01
6.231062855395023137e-01
-1.126831552716390100e-01
6.945260784345850258e-01
-1.013022151659020709e-01
7.592572058229383192e-01
-8.794821240993974665e-02
8.166762709109778307e-01
-7.746981297373664588e-02
8.662302972366100473e-01
-5.235243842993074492e-02
9.074420523453079479e-01
-7.857987695861146094e-02
9.399146441775456662e-01
8.945253104406097888e-02
9.633353445395232972e-01
-4.655398563577854976e-01
9.774785986288654360e-01
1.679101353214061509e+00
9.822081996578039265e-01
