     -> nel=    144 ; errexy0,1,2,3,4,5 2.66425561e-03 2.18178181e-04 1.59081582e-04 1.09936837e-05 1.09936837e-05 1.59399452e-04 9.05874243e-06 8.99996421e-06 0.00000000e+00
     -> nel=    225 ; errexy0,1,2,3,4,5 2.35273645e-03 1.49638160e-04 1.04007984e-04 5.66494153e-06 5.66494308e-06 1.04127117e-04 4.97725312e-06 4.88556024e-06 0.00000000e+00
     -> nel=    256 ; errexy0,1,2,3,4,5 2.25920916e-03 1.33835003e-04 9.18830392e-05 4.68503796e-06 4.68504556e-06 9.19725298e-05 4.15293999e-06 4.08703945e-06 0.00000000e+00
     -> nel=    289 ; errexy0,1,2,3,4,5 2.17128265e-03 1.20400785e-04 8.17548615e-05 3.92112764e-06 3.92113190e-06 8.18232061e-05 3.46412975e-06 3.45365291e-06 0.00000000e+00
     -> nel=    324 ; errexy0,1,2,3,4,5 2.08880016e-03 1.08886412e-04 7.32092462e-05 3.31613717e-06 3.31613125e-06 7.32622165e-05 3.04650498e-06 2.94472439e-06 0.00000000e+00
     -> nel=    361 ; errexy0,1,2,3,4,5 2.01149656e-03 9.89439746e-05 6.59337340e-05 2.83037722e-06 2.83037827e-06 6.59753351e-05 2.56335787e-06 2.53107761e-06 0.00000000e+00
     -> nel=    400 ; errexy0,1,2,3,4,5 1.93905598e-03 9.03006701e-05 5.96891297e-05 2.43564781e-06 2.43565772e-06 5.97221941e-05 2.19755899e-06 2.19139621e-06 0.00000000e+00
     -> nel=    441 ; errexy0,1,2,3,4,5 1.87114549e-03 8.27402235e-05 5.42898729e-05 2.11137879e-06 2.11138232e-06 5.43164384e-05 1.92526852e-06 1.90985089e-06 0.00000000e+00
     -> nel=    484 ; errexy0,1,2,3,4,5 1.80743439e-03 7.60894358e-05 4.95902634e-05 1.84246467e-06 1.84249320e-06 4.96118190e-05 1.67757307e-06 1.67451508e-06 0.00000000e+00
     -> nel=    529 ; errexy0,1,2,3,4,5 1.74760500e-03 7.02083136e-05 4.54746326e-05 1.61750232e-06 1.61751323e-06 4.54922818e-05 1.76600077e-06 1.47628453e-06 0.00000000e+00
     -> nel=    576 ; errexy0,1,2,3,4,5 1.69135822e-03 6.49827332e-05 4.18502250e-05 1.42783428e-06 1.42781998e-06 4.18647959e-05 1.31202207e-06 1.30812661e-06 0.00000000e+00
     -> nel=    729 ; errexy0,1,2,3,4,5 1.54144062e-03 5.23790762e-05 3.32396551e-05 1.01065594e-06 1.01069355e-06 3.32482200e-05 1.14265505e-05 9.34702094e-07 0.00000000e+00
     -> nel=   1024 ; errexy0,1,2,3,4,5 1.34132559e-03 3.82382399e-05 2.38158303e-05 6.13481983e-07 6.13295855e-07 2.38198031e-05 7.40188274e-07 5.73637782e-07 0.00000000e+00
     -> nel=   1600 ; errexy0,1,2,3,4,5 1.10892053e-03 2.51523733e-05 1.53459011e-05 3.83519443e-07 4.28079609e-07 1.53473479e-05 9.92998348e-07 3.00554471e-07 0.00000000e+00
     -> nel=   2304 ; errexy0,1,2,3,4,5 9.44353380e-04 1.77920681e-05 1.07044060e-05 3.55106857e-07 2.13288044e-07 1.07050404e-05 3.33417654e-07 1.76612187e-07 0.00000000e+00
     -> nel=   3136 ; errexy0,1,2,3,4,5 8.21988608e-04 1.32463314e-05 7.88922713e-06 1.63956769e-07 3.75020157e-07 7.88954352e-06 2.63128495e-06 1.12436457e-07 0.00000000e+00
     -> nel=   4096 ; errexy0,1,2,3,4,5 7.27541309e-04 1.02437313e-05 6.05433808e-06 1.02955447e-07 1.19309793e-07 6.05451158e-06 1.90559561e-06 7.59397205e-08 0.00000000e+00
     -> nel=   5184 ; errexy0,1,2,3,4,5 6.52480074e-04 8.15734775e-06 4.79233629e-06 3.15234524e-07 8.31772498e-08 4.79243859e-06 2.28160662e-07 5.36734144e-08 0.00000000e+00
     -> nel=   6400 ; errexy0,1,2,3,4,5 5.91412859e-04 6.64906691e-06 3.88738861e-06 9.93664010e-08 2.26530237e-07 3.88745249e-06 2.97715299e-07 3.93261890e-08 0.00000000e+00
     -> nel=   8100 ; errexy0,1,2,3,4,5 5.29433830e-04 5.28678444e-06 3.07592716e-06 8.79698822e-08 4.30972132e-07 3.07596496e-06 3.56334770e-06 2.77604601e-08 0.00000000e+00
