     -> nel=    144 ; erreyy0,1,2,3,4,5 4.12561385e-03 2.23563216e-03 2.46436282e-04 3.03869170e-05 3.03869055e-05 2.46851231e-04 2.38250242e-05 2.38298205e-05
     -> nel=    225 ; erreyy0,1,2,3,4,5 3.32166285e-03 1.63158137e-03 1.57955907e-04 1.42312804e-05 1.42312084e-05 1.58123349e-04 1.13071156e-05 1.12862918e-05
     -> nel=    256 ; erreyy0,1,2,3,4,5 3.11835095e-03 1.48796745e-03 1.38873202e-04 1.14362661e-05 1.14361548e-05 1.39002078e-04 9.13409997e-06 9.10253127e-06
     -> nel=    289 ; erreyy0,1,2,3,4,5 2.93827123e-03 1.36411311e-03 1.23048576e-04 9.31583583e-06 9.31578446e-06 1.23149379e-04 7.45296513e-06 7.44119475e-06
     -> nel=    324 ; erreyy0,1,2,3,4,5 2.77769061e-03 1.25643531e-03 1.09780862e-04 7.68056799e-06 7.68050891e-06 1.09860839e-04 6.17819309e-06 6.15620553e-06
     -> nel=    361 ; erreyy0,1,2,3,4,5 2.63362852e-03 1.16213995e-03 9.85477494e-05 6.40071953e-06 6.40050366e-06 9.86120122e-05 5.18112184e-06 5.14759761e-06
     -> nel=    400 ; erreyy0,1,2,3,4,5 2.50367793e-03 1.07902074e-03 8.89537285e-05 5.38524746e-06 5.38541604e-06 8.90059545e-05 4.35749419e-06 4.34546434e-06
     -> nel=    441 ; erreyy0,1,2,3,4,5 2.38587479e-03 1.00531573e-03 8.06948841e-05 4.57102717e-06 4.57056728e-06 8.07377644e-05 3.70895625e-06 3.69996628e-06
     -> nel=    484 ; erreyy0,1,2,3,4,5 2.27860121e-03 9.39603059e-04 7.35345809e-05 3.90977695e-06 3.90991284e-06 7.35701159e-05 3.19956617e-06 3.17494900e-06
     -> nel=    529 ; erreyy0,1,2,3,4,5 2.18051288e-03 8.80724467e-04 6.72863579e-05 3.36831254e-06 3.36814774e-06 6.73160553e-05 1.10319331e-05 2.74377135e-06
     -> nel=    576 ; erreyy0,1,2,3,4,5 2.09048389e-03 8.27728114e-04 6.18016868e-05 2.92145567e-06 2.92116181e-06 6.18266976e-05 2.39652413e-06 2.38652098e-06
     -> nel=    729 ; erreyy0,1,2,3,4,5 1.85994298e-03 6.96774545e-04 4.88416206e-05 1.97162498e-06 1.97340708e-06 4.88571749e-05 3.13027680e-06 1.62426395e-06
     -> nel=   1024 ; erreyy0,1,2,3,4,5 1.57091639e-03 5.42931920e-04 3.47792699e-05 1.13039636e-06 1.12888678e-06 3.47871156e-05 1.19387489e-06 9.35489054e-07
     -> nel=   1600 ; erreyy0,1,2,3,4,5 1.25786556e-03 3.90655045e-04 2.22634233e-05 9.90095357e-07 2.06394215e-06 2.22666204e-05 1.88643758e-06 4.55896016e-07
     -> nel=   2304 ; erreyy0,1,2,3,4,5 1.04873432e-03 2.98241972e-04 1.54624809e-05 5.46151873e-07 4.33518985e-07 1.54640175e-05 7.59421433e-07 2.54609196e-07
     -> nel=   3136 ; erreyy0,1,2,3,4,5 8.99180396e-04 2.37259397e-04 1.13609745e-05 1.06970034e-06 4.31470342e-07 1.13618019e-05 1.75811334e-06 1.56083358e-07
     -> nel=   4096 ; erreyy0,1,2,3,4,5 7.86933531e-04 1.94547211e-04 8.69863603e-06 1.99118926e-07 1.23094756e-07 8.69912015e-06 3.64873157e-06 1.02384910e-07
     -> nel=   5184 ; erreyy0,1,2,3,4,5 6.99588318e-04 1.63267751e-04 6.87320762e-06 4.01993525e-07 1.90815961e-07 6.87350942e-06 3.31131159e-07 7.06998946e-08
     -> nel=   6400 ; erreyy0,1,2,3,4,5 6.29688621e-04 1.39553678e-04 5.56742058e-06 5.53795697e-07 2.56653835e-06 5.56761837e-06 2.43050728e-07 5.08268814e-08
     -> nel=   8100 ; erreyy0,1,2,3,4,5 5.59770254e-04 1.17080365e-04 4.39903614e-06 2.12723200e-07 1.68150354e-06 4.39915947e-06 4.54171301e-07 3.51907976e-08
