     -> nel=    144 ; errexx0,1,2,3,4,5 4.14015079e-03 2.25639444e-03 4.16465830e-04 1.35679565e-04 1.90475663e-02 4.69023478e-04
     -> nel=    225 ; errexx0,1,2,3,4,5 3.32635287e-03 1.64022271e-03 2.90155475e-04 1.06806198e-04 1.90476186e-02 3.44863941e-04
     -> nel=    256 ; errexx0,1,2,3,4,5 3.12614059e-03 1.51812957e-03 2.99004143e-04 9.87975078e-05 1.90476100e-02 3.57824554e-04
     -> nel=    289 ; errexx0,1,2,3,4,5 2.94607903e-03 1.36563770e-03 2.53628333e-04 9.19156659e-05 1.90476132e-02 2.98707136e-04
     -> nel=    324 ; errexx0,1,2,3,4,5 2.78825979e-03 1.28135366e-03 2.37373003e-04 7.85506479e-05 1.90476208e-02 2.90603863e-04
     -> nel=    361 ; errexx0,1,2,3,4,5 2.64162824e-03 1.18454571e-03 2.38480804e-04 8.17000866e-05 1.90476139e-02 2.87116368e-04
     -> nel=    400 ; errexx0,1,2,3,4,5 2.50922961e-03 1.08793367e-03 2.17501272e-04 7.46547133e-05 1.90476195e-02 2.62163688e-04
     -> nel=    441 ; errexx0,1,2,3,4,5 2.39482523e-03 1.02439833e-03 2.10879802e-04 7.24354496e-05 1.90476145e-02 2.51846070e-04
     -> nel=    484 ; errexx0,1,2,3,4,5 2.28583992e-03 9.54913111e-04 1.93245520e-04 6.55931114e-05 1.90476179e-02 2.31923268e-04
     -> nel=    529 ; errexx0,1,2,3,4,5 2.18669928e-03 8.87892283e-04 1.82472737e-04 6.72672031e-05 1.90476170e-02 2.22128842e-04
     -> nel=    576 ; errexx0,1,2,3,4,5 2.09791717e-03 8.40030222e-04 1.78811231e-04 6.17397026e-05 1.90476188e-02 2.12079549e-04
     -> nel=    729 ; errexx0,1,2,3,4,5 1.86621157e-03 7.04811304e-04 1.60138115e-04 5.87465843e-05 1.90476191e-02 1.92387401e-04
     -> nel=   1024 ; errexx0,1,2,3,4,5 1.57605731e-03 5.51263616e-04 1.37894428e-04 5.11634760e-04 1.90476184e-02 1.64501350e-04
     -> nel=   1600 ; errexx0,1,2,3,4,5 1.26198855e-03 3.99852350e-04 1.05165860e-04 5.40088444e-05 1.90476190e-02 1.29071809e-04
     -> nel=   2304 ; errexx0,1,2,3,4,5 1.05209096e-03 3.06993250e-04 8.63992712e-05 3.46636637e-04 1.90476189e-02 1.05365726e-04
     -> nel=   3136 ; errexx0,1,2,3,4,5 9.02246983e-04 2.45783233e-04 7.49291061e-05 2.52397131e-04 1.90476190e-02 9.22104348e-05
     -> nel=   4096 ; errexx0,1,2,3,4,5 7.89710163e-04 2.02608023e-04 6.53882703e-05 4.19260115e-05 1.90476190e-02 7.97096528e-05
     -> nel=   5184 ; errexx0,1,2,3,4,5 7.01918424e-04 1.69854834e-04 5.74475609e-05 8.10585603e-05 1.90476190e-02 7.05312898e-05
     -> nel=   6400 ; errexx0,1,2,3,4,5 6.31891371e-04 1.47262355e-04 5.23837421e-05 2.75022862e-02 1.90476190e-02 6.39238529e-05
     -> nel=   8100 ; errexx0,1,2,3,4,5 5.61678739e-04 1.24350427e-04 4.58575742e-05 2.41807359e-05 1.90476190e-02 5.66342178e-05
